10 3.300000389572233e-05 2400 30303026.72569158
20 3.7299992982298136e-05 9600 214477252.1484561
50 0.004127499996684492 60000 30284675.97829415
100 0.00015010000788606703 240000 6662224833.186198
200 0.005452900004456751 960000 1467109243.4230335
500 0.0049307000008411705 6000000 25351369983.709244
1000 0.02307539999310393 24000000 43336193535.05679
2000 0.1269280999986222 96000000 63027808657.71125
5000 2.051882100000512 600000000 60919679546.87495
10000 16.073224900013884 2400000000 62215268324.8485
10 0.00047169999743346125 2400 2119991.5315688793
20 1.6000005416572094e-05 9600 499999830.73217934
50 0.0005767999973613769 60000 216712899.74310622
100 5.649999366141856e-05 240000 17699117029.863625
200 0.0009203999943565577 960000 8691873151.947071
500 0.002616700003272854 6000000 47770092040.98883
1000 0.022334900000714697 24000000 44772978610.51542
2000 0.15383870000368915 96000000 52002519520.82379
5000 2.052031100000022 600000000 60915256108.93454
10000 16.11274300000514 2400000000 62062679209.845345
10 3.330000618007034e-05 2400 30030024.45682692
20 8.699993486516178e-06 9600 919540918.3235512
50 0.0008346000104211271 60000 149772344.1639149
100 0.00012049998622387648 240000 8298756135.474603
200 0.00025719999393913895 960000 31104199799.83761
500 0.0035161999985575676 6000000 35549741212.46747
1000 0.021900699997786433 24000000 45660640988.69319
2000 0.1262256000045454 96000000 63378585641.2005
5000 2.0812200999935158 600000000 60060922917.470116
10000 15.77813970000716 2400000000 63378827860.140335
10 1.68999977177009e-05 2400 59171605.62410073
20 1.4599994756281376e-05 9600 547945402.2788706
50 0.00019890000112354755 60000 628456507.259423
100 4.810000245925039e-05 240000 20790019727.07143
200 0.00025710000772960484 960000 31116296225.139347
500 0.003396300002350472 6000000 36804758093.65823
1000 0.02268789999652654 24000000 44076357889.14344
2000 0.1480256999930134 96000000 54044669272.819435
5000 2.0047253999946406 600000000 62352679324.726555
10000 15.133994100004202 2400000000 66076410060.165306
10 5.259999306872487e-05 2400 19011409.34930245
20 1.2799995602108538e-05 9600 625000214.7408679
50 0.0001652999926591292 60000 756200880.5273621
100 5.970000347588211e-05 240000 16750417785.218132
200 0.0002632999967318028 960000 30383593236.990406
500 0.0034810000070137903 6000000 35909221415.72544
1000 0.022632599997450598 24000000 44184053096.53522
2000 0.17971660000330303 96000000 44514530098.23782
5000 2.1034253999969224 600000000 59426875799.91327
10000 15.46348659999785 2400000000 64668468752.71577
10 1.7400001524947584e-05 2400 57471259.33099666
20 8.799994247965515e-06 9600 909091503.309736
50 0.00045249999675434083 60000 276243095.90406835
100 8.510000770911574e-05 240000 11750880251.599342
200 0.00025939999613910913 960000 30840401384.238335
500 0.003269200009526685 6000000 38235653871.20426
1000 0.024677199995494448 24000000 40523236030.93461
2000 0.16475539999373723 96000000 48556830309.07697
5000 2.0351932999910787 600000000 61419227353.26809
10000 15.474573200001032 2400000000 64622137688.41995
10 1.650000922381878e-05 2400 60606026.72612076
20 7.299997378140688e-06 9600 1095890804.5577412
50 0.0008445999992545694 60000 147999052.93668365
100 0.00010579999070614576 240000 9451796671.489798
200 0.00024199999461416155 960000 33057851975.389465
500 0.003347999998368323 6000000 37335722837.78968
1000 0.019107900006929412 24000000 52334374768.41273
2000 0.11853839999821503 96000000 67488678775.15189
5000 2.046238599999924 600000000 61087695247.27206
10000 15.574937800003681 2400000000 64205713874.48903
10 2.5300003471784294e-05 2400 39525686.27570526
20 7.90000194683671e-06 9600 1012657978.2937055
50 0.0008279000030597672 60000 150984417.85000947
100 0.00012260000221431255 240000 8156606704.231023
200 0.0002525000018067658 960000 31683168090.122517
500 0.0032832999859238043 6000000 38071452665.27616
1000 0.02081200000247918 24000000 48049202377.51669
2000 0.14063600001099985 96000000 56884439257.19076
5000 1.9073165000008885 600000000 65537104093.600494
10000 15.309971499998937 2400000000 65316908003.39304
10 1.7700003809295595e-05 2400 56497162.98223762
20 7.50001345295459e-06 9600 1066664753.3610014
50 0.000538399996003136 60000 232169392.51105028
100 0.00010199999087490141 240000 9803922445.703518
200 0.00023379999038297683 960000 34217281133.739887
500 0.0032199999986914918 6000000 38819875792.17271
1000 0.022701399997458793 24000000 44050146691.919464
2000 0.14115379999566358 96000000 56675767852.128456
5000 2.2981711000029463 600000000 54391076451.98382
10000 15.619355400005588 2400000000 64023128636.89895
10 5.639999289996922e-05 2400 17730498.68594125
20 4.0799990529194474e-05 9600 196078476.88777262
50 0.00025599999935366213 60000 488281251.23279166
100 0.00012560001050587744 240000 7961782773.522978
200 0.0003445000038482249 960000 23222060698.50882
500 0.0030707000114489347 6000000 40707330424.31512
1000 0.020145200003753416 24000000 49639616375.795815
2000 0.1327298999967752 96000000 60272779533.43118
5000 2.100035700001172 600000000 59522797636.21649
10000 15.327603099998669 2400000000 65241772864.022484
