10 5.2799994591623545e-05 2400 18939395.87938225
20 1.0400006431154907e-05 9600 769230293.5539253
30 1.3999990187585354e-05 21600 1928572780.2825568
40 7.409999670926481e-05 38400 863697744.1592518
50 0.00030590000096708536 60000 408630270.03863895
60 2.9799994081258774e-05 86400 7248323587.280256
70 4.6599991037510335e-05 117600 7360516437.093401
80 3.399999695830047e-05 153600 15058824876.600603
90 3.859998832922429e-05 194400 18886016072.91341
100 4.679999256040901e-05 240000 21367524764.22318
150 0.00014840000949334353 540000 22742586146.204967
200 0.00023660001170355827 960000 33812339832.101906
250 0.00047400000039488077 1500000 32964134993.635227
300 0.0007768999930704013 2160000 34753507839.9123
350 0.0012447999906726182 2940000 34443284319.78283
400 0.001983399997698143 3840000 32267822967.77045
450 0.002693600006750785 4860000 33830189995.403797
500 0.003145900001982227 6000000 39734257262.22629
750 0.010171799993258901 13500000 41474960211.52469
1000 0.02320920000784099 24000000 43086362290.04706
1500 0.05962970000109635 54000000 56599312086.72771
2000 0.13401550000708085 96000000 59694587563.209564
5000 2.149928300001193 600000000 58141473834.23468
10000 16.17683900000702 2400000000 61816773969.22637
10 1.8999999156221747e-05 2400 52631581.2847044
20 2.2499996703118086e-05 9600 355555607.6544379
30 1.309999788645655e-05 21600 2061069034.8212948
40 9.60000033956021e-06 38400 6666666430.860973
50 0.00020870000298600644 60000 598945846.7251742
60 4.470000567380339e-05 86400 4832214151.744227
70 0.00029290000384207815 117600 1171048123.9356148
80 3.5299992305226624e-05 153600 14504252453.454268
90 3.819999983534217e-05 194400 19083769715.76681
100 0.00013839999155607074 240000 7225433966.842871
150 0.00012579999747686088 540000 26828299425.210903
200 0.00023150000197347254 960000 34557235126.57558
250 0.0004645000008167699 1500000 33638320715.87779
300 0.0007646000012755394 2160000 35312581683.17736
350 0.0011183999886270612 2940000 38336016126.60333
400 0.0031675000063842162 3840000 20205209114.761036
450 0.0025772000080905855 4860000 35358140506.725105
500 0.0034993000008398667 6000000 35721429991.71227
750 0.010128599999006838 13500000 41651857121.55353
1000 0.023277200001757592 24000000 42960493526.90585
1500 0.06280909999622963 54000000 53734251887.10868
2000 0.13917860000219662 96000000 57480101106.59065
5000 2.1074555999948643 600000000 59313230608.65653
10000 16.032368600004702 2400000000 62373815432.34396
10 2.849999873433262e-05 2400 35087720.8564696
20 1.0099989594891667e-05 9600 792080023.9285601
30 0.00013810000382363796 21600 195510494.2247549
40 0.0004347000067355111 38400 147227971.03368843
50 0.00046629999997094274 60000 268067767.5483365
60 2.8800001018680632e-05 86400 7499999734.718595
70 0.0001264000020455569 117600 2713607551.0218463
80 2.9300004825927317e-05 153600 17474399852.212162
90 3.8300000596791506e-05 194400 19033942262.159397
100 6.229999416973442e-05 240000 16051365868.117592
150 0.0001402000052621588 540000 24072752306.172283
200 0.00029090000316500664 960000 27500859102.645576
250 0.00045440001122187823 1500000 34386002671.92884
300 0.0007366999925579876 2160000 36649925712.97571
350 0.001127199997426942 2940000 38036728262.837746
400 0.0022253999923123047 3840000 28758874908.37129
450 0.0025867999938782305 4860000 35226921376.08284
500 0.0034476000000722706 6000000 36257106392.09296
750 0.011539500002982095 13500000 36559209661.681786
1000 0.021723400001064874 24000000 46033309700.64448
1500 0.06337480001093354 54000000 53254605922.50766
2000 0.1613532000046689 96000000 49580671469.59907
5000 2.0586794999981066 600000000 60718533409.45735
10000 16.095000699991942 2400000000 62131093911.695244
10 1.6999998479150236e-05 2400 58823534.674221106
20 2.300000051036477e-05 9600 347826079.23834014
30 9.900002623908222e-06 21600 2727272004.4331884
40 1.060000795405358e-05 38400 6037731318.449206
50 0.00024339999072253704 60000 513557948.90926397
60 9.279999358113855e-05 86400 2327586367.8928275
70 0.00013110000872984529 117600 2616323243.019854
80 9.780000254977494e-05 153600 5235173687.642999
90 8.019999950192869e-05 194400 9089775617.548086
100 5.4799995268695056e-05 240000 18248176757.987022
150 0.0001244000013684854 540000 27130224781.934757
200 0.0002933000068878755 960000 27275826157.952625
250 0.0005197999998927116 1500000 30059638328.63611
300 0.0009297000069636852 2160000 29041626113.54551
350 0.001204400003189221 2940000 35598638231.87319
400 0.002405499995802529 3840000 26605695328.071766
450 0.0025639999948907644 4860000 35540171677.684525
500 0.0034798999986378476 6000000 35920572444.302795
750 0.01046840001072269 13500000 40299854759.83695
1000 0.022954400003072806 24000000 43564632482.92852
1500 0.07427929999539629 54000000 45436615587.50792
2000 0.14453440000943374 96000000 55350145013.76725
5000 2.2424108999985037 600000000 55743574917.5512
10000 15.730998600003659 2400000000 63568755260.06133
10 1.7300000763498247e-05 2400 57803465.657061
20 2.300000051036477e-05 9600 347826079.23834014
30 8.999995770864189e-06 21600 3000001409.7125998
40 8.400005754083395e-06 38400 7619042399.927934
50 0.0001880000054370612 60000 664893597.7921959
60 4.47999918833375e-05 86400 4821429444.953473
70 3.399999695830047e-05 117600 10088236196.62892
80 9.820000559557229e-05 153600 5213848990.076691
90 4.400000034365803e-05 194400 16568181688.77753
100 4.820000322069973e-05 240000 20746886580.508465
150 0.0001453000004403293 540000 23227804471.934734
200 0.0002982000005431473 960000 26827632412.570904
250 0.00045449999743141234 1500000 34378438038.07268
300 0.0007504999957745895 2160000 35976016191.88999
350 0.0012239000061526895 2940000 35031456642.260254
400 0.0020517000084510073 3840000 31193644166.487442
450 0.002672799993888475 4860000 34093460119.86046
500 0.0033822000114014372 6000000 36958192767.61383
750 0.006627099995967001 13500000 63659066598.77427
1000 0.021013300007325597 24000000 47588907960.738335
1500 0.05866260000038892 54000000 57532397131.6925
2000 0.13585400000738446 96000000 58886746062.428444
5000 1.990480899999966 600000000 62798894478.21486
10000 15.504668599998695 2400000000 64496702625.43272
10 2.819999644998461e-05 2400 35460997.3718825
20 1.1099997209385037e-05 9600 720720901.9148228
30 1.4700010069645941e-05 21600 1836733435.6969125
40 1.069999416358769e-05 38400 5981311673.775803
50 0.0001917000045068562 60000 652060495.8855352
60 3.139999171253294e-05 86400 6878982707.303905
70 3.369999467395246e-05 117600 10178043151.59471
80 4.05999890062958e-05 153600 12610840853.198376
90 4.579999949783087e-05 194400 15917030742.206146
100 4.7299996367655694e-05 240000 21141650672.172398
150 0.00013549999857787043 540000 24907749338.908096
200 0.00030079999123699963 960000 26595745455.646698
250 0.00046070000098552555 1500000 33915780261.72158
300 0.0007229000038933009 2160000 37349564053.93126
350 0.0011682999902404845 2940000 36698622235.86474
400 0.0020732999983010814 3840000 30868663508.63037
450 0.002629099995829165 4860000 34660149916.15449
500 0.0034057000011671335 6000000 36703174077.91717
750 0.009983600000850856 13500000 42256801150.29103
1000 0.022342800002661534 24000000 44757147711.15873
1500 0.07051039999350905 54000000 47865279452.544464
2000 0.1629486000019824 96000000 49095236165.89939
5000 1.9571326000004774 600000000 63868947867.900986
10000 15.197971600005985 2400000000 65798254288.066055
10 1.85999961104244e-05 2400 53763452.10306513
20 8.100003469735384e-06 9600 987653897.9138671
30 0.00045319998753257096 21600 59576347.62304477
40 0.0003375000087544322 38400 189629624.71081573
50 0.0003330000035930425 60000 375375371.32510614
60 3.029999788850546e-05 86400 7128713368.060705
70 0.00012029999925289303 117600 2851205337.7402773
80 2.95999925583601e-05 153600 17297301645.955746
90 6.479999865405262e-05 194400 11250000233.671427
100 0.0001480999926570803 240000 6752194797.979907
150 0.0001233000075444579 540000 27372261098.873707
200 0.0002925999870058149 960000 27341081186.859432
250 0.0004670999915106222 1500000 33451081746.904026
300 0.0008483999990858138 2160000 31824611066.824165
350 0.0012163999926997349 2940000 35247451707.7571
400 0.002490300001227297 3840000 25699714881.122284
450 0.002497399997082539 4860000 36487947507.989174
500 0.0035094000049866736 6000000 35618624215.64414
750 0.010246800011373125 13500000 41171390046.819756
1000 0.02242389999446459 24000000 44595275587.51391
1500 0.06794979999540374 54000000 49669020368.3939
2000 0.1466216999979224 96000000 54562182815.45882
5000 1.9613078000111273 600000000 63732984694.85046
10000 15.45240969999577 2400000000 64714825675.39442
10 2.570000651758164e-05 2400 38910495.96878077
20 8.90000956133008e-06 9600 898875438.8264302
30 1.2699994840659201e-05 21600 2125985115.6442318
40 1.340000017080456e-05 38400 4776119342.105749
50 0.0004558000073302537 60000 274243084.66373104
60 2.890000178012997e-05 86400 7474047982.533674
70 3.399999695830047e-05 117600 10088236196.62892
80 3.12999909510836e-05 153600 16357832205.132782
90 3.680000372696668e-05 194400 19809780602.434994
100 4.270000499673188e-05 240000 23419201006.56983
150 0.00013619998935610056 540000 24779737619.332127
200 0.00023750000400468707 960000 33684209958.33802
250 0.00044809999235440046 1500000 34869449378.7053
300 0.0007251999923028052 2160000 37231109054.84708
350 0.0011011000024154782 2940000 38938334307.46099
400 0.0022978999913902953 3840000 27851516706.468224
450 0.002586999995401129 4860000 35224197975.25765
500 0.003508600013446994 6000000 35626745573.99742
750 0.010018599990871735 13500000 42109176969.27552
1000 0.02257229998940602 24000000 44302087092.11447
1500 0.07386430000769906 54000000 45691897163.42287
2000 0.12578770000254735 96000000 63599223134.20144
5000 1.952870700013591 600000000 64008333987.05304
10000 14.989817399997264 2400000000 66711953409.13109
10 2.7999994927085936e-05 2400 35714292.18484054
20 1.0299991117790341e-05 9600 776699698.9135503
30 2.8000009479001164e-05 21600 964285387.8406316
40 1.0599993402138352e-05 38400 6037739607.1859045
50 0.001146900001913309 60000 108989449.6394363
60 0.0001880999916465953 86400 1148325409.8480961
70 0.00010200000542681664 117600 3362744919.12745
80 0.00010180000390391797 153600 5029469355.258981
90 9.099999442696571e-05 194400 8010989501.599112
100 0.00013780000153928995 240000 7256893968.284006
150 0.0001334000116912648 540000 25299847857.66701
200 0.00023159998818300664 960000 34542316097.52297
250 0.0005147000047145411 1500000 30357489521.81536
300 0.0008614999969722703 2160000 31340684962.14872
350 0.001156799989985302 2940000 37063451219.89909
400 0.0021773000044049695 3840000 29394203770.963776
450 0.0025830999948084354 4860000 35277379963.27854
500 0.003554100010660477 6000000 35170647878.52455
750 0.010200699995039031 13500000 41357455880.985916
1000 0.022809700007201172 24000000 43840997456.533554
1500 0.07159479999972973 54000000 47140295105.40906
2000 0.16705439999350347 96000000 47888591981.48094
5000 2.0096833999996306 600000000 62198851819.15867
10000 15.012046200004988 2400000000 66613170961.30891
10 1.8799997633323073e-05 2400 53191496.05782375
20 8.200004231184721e-06 9600 975609252.6850045
30 1.0899995686486363e-05 21600 2477065200.445369
40 2.9699993319809437e-05 38400 2154882639.5631876
50 0.0007716999971307814 60000 161980044.66082177
60 8.079998951870948e-05 86400 2673267673.506128
70 0.0001336999994236976 117600 2565445037.2361417
80 9.710001177154481e-05 153600 5272913881.870833
90 3.680000372696668e-05 194400 19809780602.434994
100 4.2800005758181214e-05 240000 23364482837.922287
150 0.00012510000669863075 540000 26978415821.595158
200 0.0002305999951204285 960000 34692108279.62976
250 0.00047450000420212746 1500000 32929399076.135864
300 0.0007525999972131103 2160000 35875631278.21077
350 0.0011515000078361481 2940000 37234042299.80767
400 0.0025578000058885664 3840000 25021502796.410675
450 0.002637400000821799 4860000 34551073015.69954
500 0.0037943000061204657 6000000 32944153018.57166
750 0.01029489999928046 13500000 40979028453.84473
1000 0.022556400013854727 24000000 44333315572.77642
1500 0.06146749999606982 54000000 54907064712.50327
2000 0.13766839999880176 96000000 58110648486.28756
5000 1.9522677000059048 600000000 64028104342.258965
10000 15.341519499997958 2400000000 65182591594.01604
10 3.0400013201870024e-05 2400 32894722.556846984
20 7.399998139590025e-06 9600 1081081352.872234
30 0.00044180000259075314 21600 61113625.71677157
40 1.4899997040629387e-05 38400 4295302866.5364485
50 0.0005315000016707927 60000 235183442.34629768
60 6.459999713115394e-05 86400 3343653399.263574
70 3.409999771974981e-05 117600 10058651699.010042
80 3.749999450519681e-05 153600 13653335333.930414
90 4.4800006435252726e-05 194400 16272319091.14987
100 6.299999949987978e-05 240000 15873015999.02248
150 0.00014189998910296708 540000 23784357006.193947
200 0.00026780000189319253 960000 29873039370.59218
250 0.0004881000058958307 1500000 32011882424.223236
300 0.0007311000081244856 2160000 36930652031.127686
350 0.001175500001409091 2940000 36473840875.03619
400 0.0019150000007357448 3840000 33420365522.407906
450 0.002675600000657141 4860000 34057781423.837357
500 0.0038499000074807554 6000000 32468375738.879456
750 0.010358600004110485 13500000 40727028732.89751
1000 0.0234857000032207 24000000 42579101319.64836
1500 0.05593309999676421 54000000 60339941826.84756
2000 0.14681920000293758 96000000 54488786206.70821
5000 1.937848599991412 600000000 64504523212.26435
10000 15.198607700003777 2400000000 65795500465.46379
10 3.960001049563289e-05 2400 25252518.559566557
20 9.60000033956021e-06 9600 833333303.8576217
30 3.2800002372823656e-05 21600 823170672.1573523
40 0.000302100001135841 38400 211850379.8721339
50 0.0001419000036548823 60000 880902021.0035714
60 2.9099988751113415e-05 86400 7422683281.681182
70 3.170000854879618e-05 117600 10820186356.480513
80 3.0499999411404133e-05 153600 16786885569.858736
90 4.0400002035312355e-05 194400 18044553546.378643
100 4.0700004319660366e-05 240000 24570021962.305897
150 0.00012969999806955457 540000 26021588667.951096
200 0.00023289999808184803 960000 34349506508.748707
250 0.0004813999985344708 1500000 32457415969.18839
300 0.0007232000061776489 2160000 37334070477.5487
350 0.0011514000070746988 2940000 37237276130.412964
400 0.0018124000052921474 3840000 35312292988.92195
450 0.002537600012146868 4860000 35909914708.30982
500 0.0034011999960057437 6000000 36751734725.037
750 0.010590699996100739 13500000 39834477433.53367
1000 0.02278110000770539 24000000 43896036612.00574
1500 0.06047860000398941 54000000 55804863204.13123
2000 0.14924869999231305 96000000 53601806919.67189
5000 1.953608700001496 600000000 63984154042.67205
10000 15.132748899995931 2400000000 66081847165.27404
10 1.889999839477241e-05 2400 52910057.40384571
20 1.1900003300979733e-05 9600 672268721.0802165
30 2.469999890308827e-05 21600 1093117457.451553
40 2.4100008886307478e-05 38400 2655600680.560822
50 0.00015520000306423753 60000 805412355.2321213
60 4.539999645203352e-05 86400 4757709622.911768
70 3.329999162815511e-05 117600 10300302889.866009
80 3.0300012440420687e-05 153600 16897682831.21178
90 4.5900000259280205e-05 194400 15882352851.460136
100 4.7599998652003706e-05 240000 21008403956.286777
150 0.00022780000290367752 540000 14815627554.785757
200 0.00038670000503771007 960000 20687871465.68529
250 0.0005196999991312623 1500000 30065422409.311077
300 0.0007133000035537407 2160000 37852235897.21431
350 0.0011421999952290207 2940000 37537209051.907936
400 0.0029129000031389296 3840000 21971231395.184814
450 0.002678600008948706 4860000 34019637010.217377
500 0.0035314999986439943 6000000 35395724210.108116
750 0.010094500001287088 13500000 41792560299.78793
1000 0.019744599994737655 24000000 50646759127.38271
1500 0.07235049999144394 54000000 46647915362.01025
2000 0.14638469999772497 96000000 54650520171.33165
5000 1.9888120000105118 600000000 62851591804.22248
10000 15.158084900001995 2400000000 65971394578.999115
10 3.159999323543161e-05 2400 31645576.39457803
20 8.699993486516178e-06 9600 919540918.3235512
30 1.300001167692244e-05 21600 2076921211.3809307
40 1.300001167692244e-05 38400 4923072501.051095
50 0.00018699999782256782 60000 668449205.6444
60 8.990000060293823e-05 86400 2402669616.811331
70 3.050001396331936e-05 117600 11245896490.818222
80 5.089999467600137e-05 153600 10058940148.404392
90 5.5199998314492404e-05 194400 13206522142.38575
100 0.0001903000083984807 240000 5254860514.278273
150 0.00019969999266322702 540000 16900351146.690233
200 0.0003507000074023381 960000 22811519336.017742
250 0.0004422000056365505 1500000 35334689735.03898
300 0.0004574000049615279 2160000 59029295380.68322
350 0.0011704000062309206 2940000 36632774924.593376
400 0.0019108999986201525 3840000 33492071822.81331
450 0.002547500000218861 4860000 35770363098.006386
500 0.00347880000481382 6000000 35931930501.0435
750 0.007339000003412366 13500000 57483989617.63777
1000 0.02229389999411069 24000000 44855319179.87283
1500 0.05503760000283364 54000000 61321714606.49149
2000 0.1354684000107227 96000000 59054362488.71898
5000 1.9760613999969792 600000000 63257143730.549614
10000 15.589541599998483 2400000000 64145567949.22676
10 3.3200005418621004e-05 2400 30120477.01170333
20 8.59999272506684e-06 9600 930233345.0448148
30 0.00045259999751579016 21600 59655325.11753501
40 2.2200008970685303e-05 38400 2882881717.953844
50 0.0001483000087318942 60000 842885992.1780761
60 2.9700007871724665e-05 86400 7272725345.155169
70 3.4900003811344504e-05 117600 9828079155.92563
80 3.74000082956627e-05 153600 13689836535.661327
90 4.359999729786068e-05 194400 16720184522.483212
100 4.529999569058418e-05 240000 22075057287.651237
150 0.00013529999705497175 540000 24944568170.454235
200 0.0002673999988473952 960000 29917726381.762585
250 0.00047990000166464597 1500000 32558866317.56827
300 0.0006792000058339909 2160000 39752649835.222916
350 0.0011669000086840242 2940000 36742651196.268684
400 0.002527500008000061 3840000 25321463816.983875
450 0.0028390999941620976 4860000 32096439078.361412
500 0.00363729998935014 6000000 34366150816.81321
750 0.010404999993625097 13500000 40545410885.004616
1000 0.0232702000066638 24000000 42973416632.1576
1500 0.06999079999513924 54000000 48220623285.26591
2000 0.16012169999885373 96000000 49961997655.89092
5000 1.9658235999959288 600000000 63586580199.90139
10000 15.309696500000427 2400000000 65318081256.5404
10 2.510000194888562e-05 2400 39840634.35677931
20 2.469999890308827e-05 9600 323886654.0597194
30 2.4900000425986946e-05 21600 1084337330.8468454
40 5.869999586138874e-05 38400 1090289685.0474474
50 0.0001551000023027882 60000 805931645.0297235
60 4.2400002712383866e-05 86400 5094339296.749912
70 9.810000483412296e-05 117600 3496432039.733105
80 2.95999925583601e-05 153600 17297301645.955746
90 3.640000068116933e-05 194400 20027472152.689568
100 4.020000051241368e-05 240000 24875621573.46744
150 0.00021109999215696007 540000 15987684156.286335
200 0.00033510000503156334 960000 23873470247.326534
250 0.0005494999932125211 1500000 28434941206.554256
300 0.0007456000021193177 2160000 36212446248.9999
350 0.0014075000071898103 2940000 30461811567.307533
400 0.002054099997621961 3840000 31157197835.593708
450 0.0026453000027686357 4860000 34447888672.22105
500 0.0034900000027846545 6000000 35816618882.59688
750 0.010088299997732975 13500000 41818244906.95192
1000 0.023045299996738322 24000000 43392795934.16156
1500 0.07764820000738837 54000000 43465270279.01307
2000 0.17065449999063276 96000000 46878341915.61969
5000 1.9743132000003243 600000000 63313156190.20299
10000 15.034294700002647 2400000000 66514593464.75521
10 1.920000067912042e-05 2400 52083331.491101354
20 1.1500000255182385e-05 9600 695652158.4766803
30 1.309999788645655e-05 21600 2061069034.8212948
40 1.0800009476952255e-05 38400 5925920725.956687
50 0.00012100000458303839 60000 1033057812.1112099
60 4.50000079581514e-05 86400 4799999151.130668
70 3.579999611247331e-05 117600 9581006626.994944
80 3.330000618007034e-05 153600 15375372521.895384
90 4.430000262800604e-05 194400 16455980965.092157
100 3.979999746661633e-05 240000 25125629740.02161
150 0.0001320000010309741 540000 25568181618.48384
200 0.00023680001322645694 960000 33783781896.791653
250 0.0004936000041197985 1500000 31655186121.5296
300 0.000724199999240227 2160000 37282518680.37317
350 0.0011232999968342483 2940000 38168788498.916504
400 0.002401499994448386 3840000 26650010471.767883
450 0.0027197000017622486 4860000 33505533676.85955
500 0.003416099993046373 6000000 36591434751.454346
750 0.010175299990805797 13500000 41460694071.05422
1000 0.022679000001517124 24000000 44093654920.1069
1500 0.06498799999826588 54000000 51932664493.291954
2000 0.1398913999873912 96000000 57187218090.04029
5000 1.963121399996453 600000000 63674105941.805664
10000 15.164660099995672 2400000000 65942790237.69781
