10 0.0002719777776292176 840
20 0.00010911111116406068 3240
30 0.00012910000006943138 7240
40 0.00016207777783468677 12840
50 0.0002906777777348503 20040
60 0.0002959666667771267 28840
70 0.00037615555548755865 39240
80 0.00044496666659041593 51240
90 0.0006070444443240478 64840
100 0.0007259777775187912 80040
150 0.0014898555556202256 180040
200 0.0025119999997211075 320040
250 0.003938299999895712 500040
300 0.006236655555565246 720040
350 0.008850200000172967 980040
400 0.011113966666622824 1280040
450 0.013337511111280441 1620040
500 0.016137833333434375 2000040
750 0.0456225888887679 4500040
800 0.054586400000011456 5120040
900 0.07521881111117384 6480040
1000 0.09775833333343245 8000040
1250 0.18756018888891252 12500040
1500 0.3107552111109221 18000040
1750 0.5002780555556051 24500040
2000 0.8525266888887523 32000040
2500 1.853664200000013 50000040
3000 3.343129355555397 72000040
3500 5.7005461666668555 98000040
4000 9.337169033333137 128000040
10 0.0002714333332328857 840
20 0.00010594999993271712 3240
30 0.00012776111124266108 7240
40 0.00020147222216514315 12840
50 0.00032833888892330125 20040
60 0.00036545555566489283 28840
70 0.00048136666666525544 39240
80 0.0005681111110789061 51240
90 0.0007797111110853115 64840
100 0.000979038888747002 80040
150 0.0027634277776592674 180040
200 0.0036029333332407987 320040
250 0.005517055555477175 500040
300 0.008147827777672015 720040
350 0.011941027777942913 980040
400 0.014651044444488233 1280040
450 0.01833267777783476 1620040
500 0.022512933333473484 2000040
750 0.06789854999998271 4500040
800 0.08204977777783522 5120040
900 0.11232531666675843 6480040
1000 0.14919388888903187 8000040
1250 0.2853497166667391 12500040
1500 0.5029513777777134 18000040
1750 0.8392720611111852 24500040
2000 1.334856327777743 32000040
2500 2.9087630333333436 50000040
3000 5.273225577777642 72000040
3500 8.831751300000128 98000040
4000 13.843827766666486 128000040
10 0.00026108518509486374 840
20 0.00010534814811291182 3240
30 0.00012225185188678248 7240
40 0.00020431481486108774 12840
50 0.00036040000001473044 20040
60 0.00037769259257334787 28840
70 0.0005157703704686288 39240
80 0.0005928518518582374 51240
90 0.0007958444443998074 64840
100 0.0009856703703311116 80040
150 0.0026008074072942015 180040
200 0.0038607629628502225 320040
250 0.006167244444373797 500040
300 0.008785055555462249 720040
350 0.012744437037158437 980040
400 0.015935218518549205 1280040
450 0.020361488888873416 1620040
500 0.025340444444534822 2000040
750 0.07424259629631168 4500040
800 0.09041088148151849 5120040
900 0.12502791111115516 6480040
1000 0.16521721481485993 8000040
1250 0.31954938518524784 12500040
1500 0.5697227259258432 18000040
1750 0.957022651851865 24500040
2000 1.5267819666666615 32000040
2500 3.2699631407407046 50000040
3000 5.944765833333197 72000040
3500 9.856161948148198 98000040
4000 15.461267948148075 128000040
10 0.0002465166665943899 840
20 0.00010089722218253883 3240
30 0.00012893888896946414 7240
40 0.00019165000003340538 12840
50 0.00032406388891104143 20040
60 0.00033476111113688804 28840
70 0.00045391388893120974 39240
80 0.0005259916666899597 51240
90 0.0007052777777971642 64840
100 0.0008710333333460261 80040
150 0.0021806444443528664 180040
200 0.003261130555503971 320040
250 0.005187324999976934 500040
300 0.007691338888788677 720040
350 0.01097941388901644 980040
400 0.013668055555601515 1280040
450 0.017647630555580288 1620040
500 0.02211244166672562 2000040
750 0.064947705555571 4500040
800 0.07810068333335746 5120040
900 0.10928098611111636 6480040
1000 0.14419097222225397 8000040
1250 0.2779080694445181 12500040
1500 0.4971671222221327 18000040
1750 0.8433067666667031 24500040
2000 1.3577625638888802 32000040
2500 2.94664796666666 50000040
3000 5.363843072222102 72000040
3500 8.920071022222222 98000040
4000 13.786020124999949 128000040
10 0.00022672888887124523 840
20 9.507999996761403e-05 3240
30 0.00012708888896466103 7240
40 0.00017990888890279976 12840
50 0.0002951088888949016 20040
60 0.00030470000001514563 28840
70 0.0004072955555683519 39240
80 0.00046880444446691804 51240
90 0.0006260377778542331 64840
100 0.0007755533332884726 80040
150 0.0018876911110459736 180040
200 0.0028388466666809916 320040
250 0.00452930444442043 500040
300 0.006754491110991189 720040
350 0.009589771111172417 980040
400 0.011990537777839766 1280040
450 0.015522962222207247 1620040
500 0.01933488666670908 2000040
750 0.05724450666667609 4500040
800 0.06864407111115725 5120040
900 0.09607654888893902 6480040
1000 0.12695688000001407 8000040
1250 0.24382102888893215 12500040
1500 0.43548991111104746 18000040
1750 0.7353613800000757 24500040
2000 1.1844847755555747 32000040
2500 2.583423375555564 50000040
3000 4.732945544444374 72000040
3500 7.884557288888916 98000040
4000 12.210303291111066 128000040
10 0.00021754999995580334 840
20 9.440555551784066e-05 3240
30 0.00012559814819757808 7240
40 0.00017425370367197534 12840
50 0.0002884629629483647 20040
60 0.00030206666665603905 28840
70 0.00040006111113918315 39240
80 0.000461681481485559 51240
90 0.0006153574074603428 64840
100 0.000754714814791913 80040
150 0.0018073277777282918 180040
200 0.002761625925965442 320040
250 0.004392961111079785 500040
300 0.006543505555462751 720040
350 0.00924330555557794 980040
400 0.011574942592654191 1280040
450 0.014856122222226986 1620040
500 0.018439088888920162 2000040
750 0.05443998888890915 4500040
800 0.06531688888891815 5120040
900 0.09082152962966777 6480040
1000 0.11972912222225002 8000040
1250 0.2276794296296632 12500040
1500 0.40200599999995273 18000040
1750 0.6755699666667304 24500040
2000 1.08502432222226 32000040
2500 2.3610412407407506 50000040
3000 4.331905594444379 72000040
3500 7.224358701851846 98000040
4000 11.220880138888855 128000040
10 0.00020883809521899185 840
20 9.32825396375847e-05 3240
30 0.00012362222225910667 7240
40 0.00017077460313250038 12840
50 0.0002825476190443465 20040
60 0.0002985317460115766 28840
70 0.00039253015871682217 39240
80 0.000453979365042797 51240
90 0.0006062539683077216 64840
100 0.0007383507936682445 80040
150 0.0017460619047264955 180040
200 0.002707233333355347 320040
250 0.004293265079338328 500040
300 0.006387066666609335 720040
350 0.00898578095239784 980040
400 0.011269679365117526 1280040
450 0.01438217142857043 1620040
500 0.01781087619052876 2000040
750 0.05241924761910576 4500040
800 0.06301611587306459 5120040
900 0.0870668888889076 6480040
1000 0.11452875714286843 8000040
1250 0.2158921555555935 12500040
1500 0.37825049047616977 18000040
1750 0.6316685079365549 24500040
2000 1.0132590761904938 32000040
2500 2.1986192634920747 50000040
3000 4.040650230158693 72000040
3500 6.75138703650793 98000040
4000 10.515333412698359 128000040
10 0.00020303472221409416 840
20 9.137638885982192e-05 3240
30 0.00012076805560607479 7240
40 0.00017139999997400283 12840
50 0.000281962499975129 20040
60 0.0003036763888783551 28840
70 0.00040078194443695893 39240
80 0.0004649194444128726 51240
90 0.0006140180556081355 64840
100 0.000750229166682301 80040
150 0.0017573222221850908 180040
200 0.0027753805555903455 320040
250 0.0044069527777613375 500040
300 0.006545443055491281 720040
350 0.009188518055604314 980040
400 0.01161920555558835 1280040
450 0.014931530555524356 1620040
500 0.01849976111111573 2000040
750 0.05434595000005831 4500040
800 0.06524279166669406 5120040
900 0.09034125138890027 6480040
1000 0.11860114861113086 8000040
1250 0.22451452916667827 12500040
1500 0.39479928055557895 18000040
1750 0.6521635944444724 24500040
2000 1.0407391527778094 32000040
2500 2.2419836791667143 50000040
3000 4.139062491666613 72000040
3500 6.887593127777766 98000040
4000 10.677891461111066 128000040
10 0.0001953604938018633 840
20 8.860617282029304e-05 3240
30 0.000117100000049201 7240
40 0.000170164197518233 12840
50 0.0002784407407253403 20040
60 0.0003105382716001506 28840
70 0.00040531481480695535 39240
80 0.0004700999999481554 51240
90 0.0006168530864647718 64840
100 0.0007555641975529768 80040
150 0.001759638271593118 180040
200 0.002826240740769545 320040
250 0.004476161728380697 500040
300 0.00667127654316663 720040
350 0.00932384938278119 980040
400 0.011881967901282212 1280040
450 0.015351691357976467 1620040
500 0.019043207407416902 2000040
750 0.055890646913650456 4500040
800 0.066990760493837 5120040
900 0.09266724567902358 6480040
1000 0.12138695555555994 8000040
1250 0.23085980740741457 12500040
1500 0.40633225802469464 18000040
1750 0.6665071444444667 24500040
2000 1.0584494123456947 32000040
2500 2.2709149382716656 50000040
3000 4.197756956790064 72000040
3500 6.957513045678987 98000040
4000 10.765718770370308 128000040
