10 0.00016630000007151265 440
20 8.430000010169654e-05 1640
30 0.00010299999970205438 3640
40 0.00018345555559386007 6440
50 0.00020675555545797883 10040
60 0.00027338888897550834 14440
70 0.0003272666667221023 19640
80 0.00040214444450409955 25640
90 0.00046509999982744275 32440
100 0.0005681777776974033 40040
150 0.001252300000083374 90040
200 0.002254900000176955 160040
250 0.003796399999979864 250040
300 0.005432599999949161 360040
350 0.007760477777891437 490040
400 0.010368711111166502 640040
450 0.012855577777675839 810040
500 0.016462633333705727 1000040
750 0.042540077777933526 2250040
800 0.04964755555566727 2560040
900 0.06413909999992029 3240040
1000 0.08183352222194015 4000040
1250 0.14697883333327708 6250040
1500 0.22071162222235013 9000040
1750 0.34100274444416656 12250040
2000 0.4828132111110285 16000040
2500 0.9579686777775956 25000040
3000 1.8332459777777532 36000040
3500 3.1061286666666397 49000040
4000 4.963953777777937 64000040
10 0.00015863333338630683 440
20 7.566666671563225e-05 1640
30 9.406666650748876e-05 3640
40 0.0001859833333684138 6440
50 0.00021530555548249849 10040
60 0.0002757388888817837 14440
70 0.0003386944445588193 19640
80 0.00041826666665656376 25640
90 0.0005205888888263467 32440
100 0.0006181111111295144 40040
150 0.0014441722223637043 90040
200 0.002690772222397047 160040
250 0.004553338888904869 250040
300 0.006818649999887485 360040
350 0.010047494444532075 490040
400 0.01336609444453845 640040
450 0.01728138888888174 810040
500 0.02257335000012972 1000040
750 0.06367387777800104 2250040
800 0.07357701111120857 2560040
900 0.09803301111100558 3240040
1000 0.1321444777776277 4000040
1250 0.2348331222221734 6250040
1500 0.37425157222236927 9000040
1750 0.5774003499999102 12250040
2000 0.8383329499999692 16000040
2500 1.596832088888833 25000040
3000 2.8236675000000306 36000040
3500 4.523393905555622 49000040
4000 6.997346527777911 64000040
10 0.00015148518526041666 440
20 7.45666666598818e-05 1640
30 9.32074073245059e-05 3640
40 0.000184229629667243 6440
50 0.00021817407401545939 10040
60 0.0002778333334087317 14440
70 0.0003497259259785534 19640
80 0.0004263481481488001 25640
90 0.000526514814804681 32440
100 0.0006386962963747296 40040
150 0.0015034444445350178 90040
200 0.002868388889038653 160040
250 0.004872340740735968 250040
300 0.007292296296192809 360040
350 0.010642448148178961 490040
400 0.014527103703854934 640040
450 0.019089792592543137 810040
500 0.024724707407484756 1000040
750 0.07115710740749313 2250040
800 0.08217222592594664 2560040
900 0.10970292592584749 3240040
1000 0.14982549259251823 4000040
1250 0.2683260962962945 6250040
1500 0.43099287037050626 9000040
1750 0.6567053518518285 12250040
2000 0.9505439962963296 16000040
2500 1.80270885925913 25000040
3000 3.142148748148227 36000040
3500 4.999024685185119 49000040
4000 7.695759885185267 64000040
10 0.00016190277779060125 440
20 8.127499998206784e-05 1640
30 0.00010885833333102507 3640
40 0.00018255555553676258 6440
50 0.00020820833328293197 10040
60 0.0002554833334266328 14440
70 0.0003173194444975201 19640
80 0.0003824027777581149 25640
90 0.0004690194444063107 32440
100 0.0005514555556247716 40040
150 0.0012835305556614508 90040
200 0.0023910333333990114 160040
250 0.0040038222222291454 250040
300 0.005950552777676421 360040
350 0.008661600000070595 490040
400 0.011737591666815206 640040
450 0.015427888888856009 810040
500 0.019962758333273694 1000040
750 0.05721141388901035 2250040
800 0.06601991388887048 2560040
900 0.08844041111102444 3240040
1000 0.12174600833322478 4000040
1250 0.21696835277778823 6250040
1500 0.3486470694444961 9000040
1750 0.532658297222219 12250040
2000 0.7723216472222197 16000040
2500 1.4753021527777088 25000040
3000 2.627797241666738 36000040
3500 4.220031513888848 49000040
4000 6.561733800000058 64000040
10 0.00017008222225235335 440
20 8.43377777427021e-05 1640
30 0.0001181199999943298 3640
40 0.00018139111111344796 6440
50 0.00020224888885422843 10040
60 0.00024668222233433174 14440
70 0.0002938199999941086 19640
80 0.0003483488888175796 25640
90 0.0004251044444269307 32440
100 0.0004957511111772166 40040
150 0.0011392333334394303 90040
200 0.002095666666739109 160040
250 0.003495653333306513 250040
300 0.005155137777708458 360040
350 0.007493304444506066 490040
400 0.010153695555648786 640040
450 0.013273215555535798 810040
500 0.017117959999955523 1000040
750 0.04883521111120596 2250040
800 0.056274413333388416 2560040
900 0.07555111777773062 3240040
1000 0.10367907777769385 4000040
1250 0.18579991111111868 6250040
1500 0.29917297333338666 9000040
1750 0.4573789199999939 12250040
2000 0.6636488377778126 16000040
2500 1.274360795555468 25000040
3000 2.3003411377778726 36000040
3500 3.7425052644443997 49000040
4000 5.854745944444504 64000040
10 0.00017028333336889368 440
20 8.489999997133661e-05 1640
30 0.00011631111109872345 3640
40 0.00018226666664607669 6440
50 0.0002053296296219708 10040
60 0.00025226666674724483 14440
70 0.00030134629629106647 19640
80 0.0003544999999576248 25640
90 0.0004339999999905962 32440
100 0.0005120518518971814 40040
150 0.0011594833334432526 90040
200 0.002132431481573736 160040
250 0.00356525555551141 250040
300 0.005225149999929541 360040
350 0.00752411851856407 490040
400 0.01028671851860997 640040
450 0.01325985370367225 810040
500 0.017020811111083108 1000040
750 0.047731948148238085 2250040
800 0.05510645000007302 2560040
900 0.07376502592591418 3240040
1000 0.10027187407398809 4000040
1250 0.1793915518518487 6250040
1500 0.2859025518518879 9000040
1750 0.4375646537037028 12250040
2000 0.633154537037104 16000040
2500 1.2182968722221361 25000040
3000 2.2065245925926793 36000040
3500 3.6157594574073535 49000040
4000 5.667417507407477 64000040
10 0.0001702555556178032 440
20 8.544920632312636e-05 1640
30 0.00011537460316518148 3640
40 0.00018154285712553825 6440
50 0.0002063650793403097 10040
60 0.0002530380953098684 14440
70 0.00030333333332179343 19640
80 0.00035711587299865354 25640
90 0.000436304761890261 32440
100 0.0005165746032515825 40040
150 0.0011679888890169436 90040
200 0.0021548984127620647 160040
250 0.003598211111051251 250040
300 0.0052574142856385495 360040
350 0.0075284269841508905 490040
400 0.0103307571429295 640040
450 0.013213761904706998 810040
500 0.016906614285694052 1000040
750 0.04693148095245147 2250040
800 0.05431473174608 2560040
900 0.07247394920634381 3240040
1000 0.09757301587291699 4000040
1250 0.17452131587302458 6250040
1500 0.2765050031746305 9000040
1750 0.42400641111108267 12250040
2000 0.6119197142857552 16000040
2500 1.1786855317459413 25000040
3000 2.1413766476191287 36000040
3500 3.5254244015872795 49000040
4000 5.538941449206417 64000040
10 0.00016971666670744727 440
20 8.471249995838864e-05 1640
30 0.00011256250000870851 3640
40 0.00018224305551939324 6440
50 0.00020879444442319559 10040
60 0.00026227083342039096 14440
70 0.00031599861109852 19640
80 0.00036902638890347187 25640
90 0.00045076666668188007 32440
100 0.0005365055556265159 40040
150 0.001224561111219676 90040
200 0.0022741263889479845 160040
250 0.0037943652777383046 250040
300 0.005597519444399445 360040
350 0.008108354166716304 490040
400 0.011160173611150034 640040
450 0.014405711111079553 810040
500 0.01844110555552763 1000040
750 0.051683087500072764 2250040
800 0.059908334722270716 2560040
900 0.0802466027777579 3240040
1000 0.10850337499990322 4000040
1250 0.19324300416667484 6250040
1500 0.3083484166666797 9000040
1750 0.4712453763888662 12250040
2000 0.6811792916666946 16000040
2500 1.3020367097221122 25000040
3000 2.327010597222296 36000040
3500 3.8047057222222143 49000040
4000 5.929232084722268 64000040
10 0.00016757283952352332 440
20 8.347283949627092e-05 1640
30 0.00011408765434972327 3640
40 0.00018368024688871954 6440
50 0.00021067160491558169 10040
60 0.00026350123461730776 14440
70 0.00032030493824735187 19640
80 0.00037765925928936295 25640
90 0.0004619666666752173 32440
100 0.0005525358025503616 40040
150 0.0012752271605890716 90040
200 0.0023675580247341983 160040
250 0.003953792592536631 250040
300 0.005889543209838096 360040
350 0.008537882716076256 490040
400 0.011726308642007806 640040
450 0.015330224691302803 810040
500 0.019647516049369672 1000040
750 0.05533393703710856 2250040
800 0.06417317160496706 2560040
900 0.08596058641970883 3240040
1000 0.11678911358013679 4000040
1250 0.20778845061728066 6250040
1500 0.3333033407407466 9000040
1750 0.5076319086419522 12250040
2000 0.7343934370370604 16000040
2500 1.3992147876542282 25000040
3000 2.4719034716049744 36000040
3500 4.021190781481465 49000040
4000 6.230258972839557 64000040
