10 0.001855750000000711 1200
20 0.00011900000001219269 4800
30 0.000245500000001897 10800
40 0.0008820999999947787 19200
50 0.0002418500000018753 30000
60 0.0001887000000024841 43200
70 0.00029850000000308796 58800
80 0.00032434999998898206 76800
90 0.0003778499999995688 97200
100 0.0006015499999918461 120000
150 0.0015229500000017993 270000
200 0.0010797000000017931 480000
250 0.0021751999999999327 750000
300 0.002973400000005455 1080000
350 0.004270999999999248 1470000
400 0.005559999999999121 1920000
450 0.006877900000002768 2430000
500 0.008706349999997087 3000000
750 0.023750649999996654 6750000
800 0.03078274999999664 7680000
900 0.040730549999999255 9720000
1000 0.05538489999999996 12000000
1250 0.09700884999999815 18750000
1500 0.15477535000000842 27000000
1750 0.22646579999998906 36750000
2000 0.3338097500000039 48000000
2500 0.5609770499999982 75000000
5000 3.201748649999999 300000000
7500 9.987525800000004 675000000
10000 23.012232899999994 1200000000
12500 43.58486910000001 1875000000
10 0.001236249999996275 480
20 0.00011177500000059126 1760
30 0.00017122500000077423 3840
40 0.0005039749999991017 6720
50 0.0002066249999934655 10400
60 0.00016695000000410687 14880
70 0.00022115000000333396 20160
80 0.0002517499999914463 26240
90 0.0002885499999969454 33120
100 0.00040202499999608676 40800
150 0.0010489999999983013 91200
200 0.0009172749999972751 161600
250 0.001610000000008327 252000
300 0.002128000000000796 362400
350 0.0031137249999968475 492800
400 0.004343574999998268 643200
450 0.0051775500000115215 813600
500 0.006488300000007996 1004000
750 0.017813899999993055 2256000
800 0.020866725000002972 2566400
900 0.027806874999999565 3247200
1000 0.039068400000001446 4008000
1250 0.07005269999999975 6260000
1500 0.10970800000001191 9012000
1750 0.16480714999998902 12264000
2000 0.23284954999999918 16016000
2500 0.39748884999999845 25020000
5000 2.300400774999993 100040000
7500 6.971204900000005 225060000
10000 15.845579950000005 400080000
12500 29.665829750000004 625100000
10 0.0009660999999934935 480
20 0.00011215000000201296 1760
30 0.00013821666666894808 3840
40 0.0003638833333342954 6720
50 0.00016544999999960433 10400
60 0.00013790000000568625 14880
70 0.00018198333334495942 20160
80 0.00020101666666623905 26240
90 0.0002342999999906207 33120
100 0.00030920000000141573 40800
150 0.0009150500000056164 91200
200 0.0008024499999936078 161600
250 0.0012795333333374497 252000
300 0.001728633333339502 362400
350 0.002479499999996193 492800
400 0.0034651000000032184 643200
450 0.004178250000003676 813600
500 0.0052091666666693 1004000
750 0.014911166666668882 2256000
800 0.01680376666666798 2566400
900 0.02184768333333646 3247200
1000 0.030729933333330923 4008000
1250 0.057644650000010955 6260000
1500 0.08898951666666714 9012000
1750 0.13531708333333015 12264000
2000 0.1894871333333311 16016000
2500 0.3251839833333345 25020000
5000 1.8501712999999949 100040000
7500 5.527491650000003 225060000
10000 12.33341648333334 400080000
12500 22.894655416666676 625100000
10 0.0007931999999923889 480
20 0.00011100000000041632 1760
30 0.0001295874999973634 3840
40 0.00030066249999460837 6720
50 0.0001703000000023991 10400
60 0.00015171250000456382 14880
70 0.0001682250000039076 20160
80 0.00018531249999487187 26240
90 0.0002184000000031716 33120
100 0.00033356250000160514 40800
150 0.0008310625000067517 91200
200 0.0007992874999969146 161600
250 0.0012500375000046304 252000
300 0.0018359000000041092 362400
350 0.0025702374999978517 492800
400 0.0033324625000004104 643200
450 0.004204050000004678 813600
500 0.005224850000001169 1004000
750 0.014688062500006538 2256000
800 0.016210149999991152 2566400
900 0.021501100000003603 3247200
1000 0.02896435000000075 4008000
1250 0.05507335000000513 6260000
1500 0.0843624124999991 9012000
1750 0.13104010000000077 12264000
2000 0.18209472499999269 16016000
2500 0.31042892500000185 25020000
5000 1.7543905874999943 100040000
7500 5.069846212499997 225060000
10000 11.150032325000007 400080000
12500 20.50599956250001 625100000
10 0.0007140099999922711 480
20 0.00010595999999907235 1760
30 0.00012060000000175819 3840
40 0.0002604599999919799 6720
50 0.00015599999999977855 10400
60 0.00014336000000270133 14880
70 0.00017265000000250553 20160
80 0.00019630999999620258 26240
90 0.0002149900000020466 33120
100 0.0003245900000010238 40800
150 0.0007763400000001752 91200
200 0.0007987299999989261 161600
250 0.0011961600000041984 252000
300 0.001806479999999766 362400
350 0.002423239999998117 492800
400 0.003147499999996484 643200
450 0.004085970000004835 813600
500 0.004918729999999982 1004000
750 0.01406594000000041 2256000
800 0.015019569999997628 2566400
900 0.02012492000000208 3247200
1000 0.027277730000001554 4008000
1250 0.05280960000000405 6260000
1500 0.08044706999999676 9012000
1750 0.12493880999999832 12264000
2000 0.17271663999999376 16016000
2500 0.29627829000000216 25020000
5000 1.6889914699999935 100040000
7500 4.874535559999999 225060000
10000 10.648784720000005 400080000
12500 19.577862010000008 625100000
10 0.0006887583333223072 480
20 0.00010559166666486892 1760
30 0.00012138333333133744 3840
40 0.0002394916666611143 6720
50 0.00015235833333449023 10400
60 0.0001561250000072789 14880
70 0.0001772000000060577 20160
80 0.000189966666663229 26240
90 0.0002103583333348998 33120
100 0.0003064083333335077 40800
150 0.0007355166666620505 91200
200 0.0007871416666696737 161600
250 0.0011633333333360696 252000
300 0.0017498083333299756 362400
350 0.0022889833333312737 492800
400 0.0030298249999957485 643200
450 0.00398965833333816 813600
500 0.004794749999994963 1004000
750 0.0137457083333364 2256000
800 0.014439333333327772 2566400
900 0.019339024999999548 3247200
1000 0.026327700000004246 4008000
1250 0.051199441666671085 6260000
1500 0.07814516666666312 9012000
1750 0.12109786666666444 12264000
2000 0.1671098916666652 16016000
2500 0.2875760749999981 25020000
5000 1.6515657583333265 100040000
7500 4.734785141666664 225060000
10000 10.312819000000001 400080000
12500 18.966408391666675 625100000
10 0.0006456214285621391 480
20 0.00011955714285859033 1760
30 0.00012051428571727538 3840
40 0.0002199857142828015 6720
50 0.00014517857142440756 10400
60 0.00014977857143756118 14880
70 0.0001800428571532921 20160
80 0.00018499285713754636 26240
90 0.00020316428571070283 33120
100 0.0002857428571415101 40800
150 0.0007451928571374619 91200
200 0.0008001571428637126 161600
250 0.0011783785714329603 252000
300 0.0017727285714269467 362400
350 0.0022366285714277012 492800
400 0.002930507142859235 643200
450 0.003863750000013409 813600
500 0.004795078571421284 1004000
750 0.013199171428571585 2256000
800 0.013858321428561027 2566400
900 0.018778792857145073 3247200
1000 0.025759607142852303 4008000
1250 0.050437085714287476 6260000
1500 0.07644390714284961 9012000
1750 0.11877472142856556 12264000
2000 0.16282655714286065 16016000
2500 0.28019632857143 25020000
5000 1.6201340142857024 100040000
7500 4.6275595142857116 225060000
10000 10.06563488571429 400080000
12500 18.531173371428586 625100000
