10 7.416666666257597e-05 1600
20 3.613333332926535e-05 6400
30 4.6933333335472424e-05 14400
40 9.050000000204111e-05 25600
50 6.58444444449439e-05 40000
60 8.028888889397321e-05 57600
70 0.00010105555555936816 78400
80 0.00011314444443794653 102400
90 0.0001388444444374828 129600
100 0.000190188888887456 160000
150 0.00039668888888400033 360000
200 0.0007473999999976715 640000
250 0.0010776222222356562 1000000
300 0.0014482555555509356 1440000
350 0.0026465666666695142 1960000
400 0.003502933333335376 2560000
450 0.004437866666664705 3240000
500 0.0049719333333339616 4000000
750 0.014338199999991098 9000000
800 0.01700771111110713 10240000
900 0.023075788888888837 12960000
1000 0.03061735555554732 16000000
1250 0.06506754444444596 25000000
1500 0.10540048888888502 36000000
1750 0.16279141111111053 49000000
2000 0.21485243333333098 64000000
2500 0.39778634444444566 100000000
3000 0.6339556999999982 144000000
3500 0.948843933333333 196000000
4000 1.3514583555555584 256000000
10 0.00013141111110491642 880
20 5.1633333332764174e-05 3360
30 5.9561111112000414e-05 7440
40 8.176666666928314e-05 13120
50 7.724444444079381e-05 20400
60 8.879444444826529e-05 29280
70 0.00010521111111137948 39760
80 0.00011661666666561309 51840
90 0.00013687222222181895 65520
100 0.00017258333333498084 80800
150 0.00035018888888613573 181200
200 0.0005845500000023978 321600
250 0.0008281444444533134 502000
300 0.001082383333330957 722400
350 0.0018990666666667266 982800
400 0.0026702833333350404 1283200
450 0.003659405555554132 1623600
500 0.003982344444444329 2004000
750 0.011321183333328754 4506000
800 0.012988955555553301 5126400
900 0.016873677777779348 6487200
1000 0.023071438888883397 8008000
1250 0.0485298444444453 12510000
1500 0.07765064444444174 18012000
1750 0.11983181111111207 24514000
2000 0.1617582555555575 32016000
2500 0.29119740000000305 50020000
3000 0.465131588888885 72024000
3500 0.6898814111111117 98028000
4000 0.9855093055555559 128032000
10 0.00014712962962553993 880
20 5.845555555576235e-05 3360
30 5.900000000051646e-05 7440
40 7.688148148464211e-05 13120
50 7.462962962647537e-05 20400
60 8.46333333362913e-05 29280
70 9.952592592791613e-05 39760
80 0.00011028518518527462 51840
90 0.00012677777777875471 65520
100 0.0001571000000008435 80800
150 0.00032114814814576675 181200
200 0.0004909962962989943 321600
250 0.0006924407407474839 502000
300 0.0009004000000008664 722400
350 0.0015837296296307682 982800
400 0.0023237370370378795 1283200
450 0.0032288703703710763 1623600
500 0.003594262962962005 2004000
750 0.009963499999995688 4506000
800 0.01114951851851671 5126400
900 0.01425072592592587 6487200
1000 0.019819096296294622 8008000
1250 0.03992271851851957 12510000
1500 0.06306891851851838 18012000
1750 0.09948412222222044 24514000
2000 0.1349692666666663 32016000
2500 0.2399011296296294 50020000
3000 0.38336375555555346 72024000
3500 0.5648623296296299 98028000
4000 0.8113952777777795 128032000
10 0.00014404722221980946 880
20 6.014444444465047e-05 3360
30 6.051666666845929e-05 7440
40 8.411111111349278e-05 13120
50 8.05694444423466e-05 20400
60 8.968888889250416e-05 29280
70 0.00010201388889028194 39760
80 0.00011212777777795206 51840
90 0.00012790277778012497 65520
100 0.00016653333333414998 80800
150 0.0003160916666647356 181200
200 0.0004794805555595379 321600
250 0.0006824111111167023 502000
300 0.0008849527777812227 722400
350 0.0015238527777780872 982800
400 0.002283319444444487 1283200
450 0.003186447222221981 1623600
500 0.003602244444445704 2004000
750 0.009847302777773828 4506000
800 0.010807436111107904 5126400
900 0.013905061111111018 6487200
1000 0.01912096111111102 8008000
1250 0.03761994444444462 12510000
1500 0.05840898888888862 18012000
1750 0.09452268055555318 24514000
2000 0.13139992777777743 32016000
2500 0.2276656194444442 50020000
3000 0.3653986499999991 72024000
3500 0.5415232388888884 98028000
4000 0.778964630555558 128032000
10 0.00014254888888684845 880
20 6.313111111100827e-05 3360
30 6.597777777920379e-05 7440
40 8.270000000026004e-05 13120
50 8.397555555587941e-05 20400
60 9.34355555576379e-05 29280
70 0.00010422444444581439 39760
80 0.00011423999999856783 51840
90 0.00013050666666774506 65520
100 0.00016669999999976425 80800
150 0.0003129266666645789 181200
200 0.00046547555555839104 321600
250 0.000664155555560026 502000
300 0.0008615866666692303 722400
350 0.0014610088888894603 982800
400 0.002199662222223095 1283200
450 0.0030904222222223627 1623600
500 0.0034806622222232717 2004000
750 0.00942542888888498 4506000
800 0.010287948888887715 5126400
900 0.013097837777778901 6487200
1000 0.018204026666665464 8008000
1250 0.0358168022222224 12510000
1500 0.055750084444443675 18012000
1750 0.0894009977777753 24514000
2000 0.12455862666666791 32016000
2500 0.21589340222222278 50020000
3000 0.34731573111111075 72024000
3500 0.514850484444446 98028000
4000 0.7391154977777812 128032000
10 0.00014778888888671376 880
20 6.538888888853846e-05 3360
30 6.822777777889162e-05 7440
40 8.216296296415783e-05 13120
50 8.62851851858674e-05 20400
60 9.494259259404905e-05 29280
70 0.00010722962963164398 39760
80 0.00011624814814686706 51840
90 0.0001320796296305894 65520
100 0.00016645555555520013 80800
150 0.00031229259259172676 181200
200 0.00045929629629934307 321600
250 0.0006547648148182572 502000
300 0.0008469074074097476 722400
350 0.001416064814815467 982800
400 0.002152285185185629 1283200
450 0.003019905555555519 1623600
500 0.0034090907407428655 2004000
750 0.009266649999996499 4506000
800 0.010051151851851299 5126400
900 0.012783722222222961 6487200
1000 0.017887983333331456 8008000
1250 0.035063235185185074 12510000
1500 0.054960951851849994 18012000
1750 0.08692072407407216 24514000
2000 0.12125147777777924 32016000
2500 0.21030728148148134 50020000
3000 0.3376271499999998 72024000
3500 0.5001444888888905 98028000
4000 0.7182949388888923 128032000
10 0.00015075714285439106 880
20 6.653015872739305e-05 3360
30 6.903174603385268e-05 7440
40 8.094761905058909e-05 13120
50 8.61650793659746e-05 20400
60 9.523650793750806e-05 29280
70 0.00010751428571541597 39760
80 0.0001171555555540888 51840
90 0.0001327539682539924 65520
100 0.0001655253968256003 80800
150 0.0003117539682536502 181200
200 0.0004545952380969957 321600
250 0.0006480492063519344 502000
300 0.0008325666666685662 722400
350 0.0013807507936531144 982800
400 0.002095793650794132 1283200
450 0.0029418476190487004 1623600
500 0.0033013714285720385 2004000
750 0.009058298412696335 4506000
800 0.00985482380952449 5126400
900 0.01250539206349397 6487200
1000 0.01753511746031583 8008000
1250 0.034385665079363595 12510000
1500 0.05370791111110903 18012000
1750 0.08471493968253858 24514000
2000 0.11785032857142909 32016000
2500 0.2048814857142856 50020000
3000 0.32921185238095196 72024000
3500 0.48797995555555723 98028000
4000 0.6992808412698447 128032000
