10 0.12479290000000276 0.06288620000000833
20 0.0004942000000056623 0.00011709999999709453
30 0.0003875999999962687 0.0001010000000007949
40 0.00044389999999339125 0.00010880000000668133
50 0.0004866999999961763 0.00010510000001318076
60 0.0005261000000018612 0.00010190000000420696
70 0.0005666999999931477 0.00010790000000326927
80 0.0005993999999986954 0.00010620000000471919
90 0.0006643999999909056 0.00010670000000345681
100 0.0007111000000037393 0.0001018999999899961
150 0.0010231999999916752 0.00010580000000004475
200 0.0013963999999901944 0.00010890000000074451
250 0.0018211999999948603 0.00010910000000308173
300 0.0023876000000058184 0.00011290000000485634
350 0.0031936999999970794 0.0001505000000037171
400 0.004001500000001101 0.00013219999999591892
450 0.004802400000002649 0.00013760000000218042
500 0.005776100000005613 0.0001393000000007305
750 0.012847399999998288 0.00018970000000706477
800 0.015354500000000826 0.00015100000000245473
900 0.017775399999990782 0.00015840000000366672
1000 0.02099559999999201 0.00015880000000834116
1250 0.030488199999993526 0.0001661000000012791
1500 0.04222310000000107 0.00016859999999496722
1750 0.05387529999998719 0.00017190000001221506
2000 0.07054669999999419 0.0002427999999952135
2500 0.11065250000000049 0.0001891999999941163
3000 0.14450070000000892 0.00020650000000443924
3500 0.20204280000000097 0.00028939999999977317
4000 0.26224909999999113 0.00024450000000797445
5000 0.40262839999999755 0.0003158000000098582
10000 1.5733425999999895 0.0005639999999971224
10 0.00048149999997804116 0.00018040000000496548
20 0.00047910000000683794 8.129999997663617e-05
30 0.000628599999998869 8.439999999154679e-05
40 0.00036350000002016714 8.529999999495885e-05
50 0.0004199999999912052 8.640000001491899e-05
60 0.000446199999998953 8.650000000898217e-05
70 0.0005388000000152715 0.0001398999999935313
80 0.0005232999999975618 8.600000001024455e-05
90 0.0005596999999966101 8.650000000898217e-05
100 0.0006681999999784694 8.619999999837091e-05
150 0.0008550999999954456 8.880000001454391e-05
200 0.0013320999999848482 9.030000001075678e-05
250 0.001625600000011218 9.099999999762076e-05
300 0.002296799999982113 0.00010690000002000488
350 0.0025037000000054377 9.410000001253138e-05
400 0.0035915999999929227 0.00010309999998980857
450 0.004243800000011788 0.00010560000001191838
500 0.005204999999989468 0.00013990000002195302
750 0.012868800000006786 0.00011729999999943175
800 0.012845200000015211 0.00011870000000158143
900 0.0156611999999825 0.00012730000000260588
1000 0.01846050000000332 0.00013079999999376923
1250 0.027883000000002767 0.00013599999999769352
1500 0.03809239999998226 0.00014010000001007938
1750 0.052813399999990907 0.00015049999998950625
2000 0.06793759999999338 0.00015960000001769004
2500 0.10573479999999336 0.00018080000000963992
3000 0.14961500000001138 0.00027969999999299944
3500 0.201225600000015 0.00028720000000248547
4000 0.25956769999999096 0.0002370999999925516
5000 0.40251899999998386 0.00029190000000767213
10000 1.5658572999999762 0.00047200000000202635
10 0.0004404000000022279 8.49999999843476e-05
20 0.00047899999998435305 8.0499999995709e-05
30 0.000893300000001318 0.00017649999998070598
40 0.00039519999998560706 0.00011010000000055697
50 0.00043960000002130073 8.419999997499872e-05
60 0.00044769999999516585 8.619999999837091e-05
70 0.0005230999999810138 8.529999999495885e-05
80 0.0005246999999997115 8.779999998864696e-05
90 0.0005737999999837484 9.520000000406981e-05
100 0.0006539000000032047 8.76000000005206e-05
150 0.0009306999999978416 9.059999999294632e-05
200 0.0012562999999943258 9.14000000022952e-05
250 0.0016914999999926295 9.289999999850806e-05
300 0.0021421000000145796 9.379999997349842e-05
350 0.002749700000009625 9.449999998878411e-05
400 0.0035473000000081356 0.00010299999999574538
450 0.004134999999990896 0.00010539999999537031
500 0.005076599999995324 0.0001385999999854448
750 0.01286669999998935 0.00012100000000714317
800 0.01296980000000758 0.00011779999999816937
900 0.015204199999999446 0.00013830000000325526
1000 0.018761699999998882 0.00015680000001339067
1250 0.029450699999983954 0.0001534000000162905
1500 0.04089139999999247 0.00024330000002237284
1750 0.053414000000003625 0.00036399999999048305
2000 0.06706529999999589 0.00017060000001833941
2500 0.10190040000000522 0.00018049999999902866
3000 0.15845909999998753 0.00020739999999364045
3500 0.2005546000000038 0.0002929000000051474
4000 0.25958539999999175 0.0002563000000179727
5000 0.40454330000000027 0.00030960000000845866
10000 1.604789199999999 0.0004909000000168362
10 0.0005735000000015589 8.980000001201915e-05
20 0.00030889999999317297 8.189999999785869e-05
30 0.0003849000000002434 8.429999999748361e-05
40 0.0004813000000183365 8.990000000608234e-05
50 0.0005151000000012118 8.49999999843476e-05
60 0.0004366999999945165 8.560000000557011e-05
70 0.0005093000000044867 0.00010340000000041982
80 0.0005182000000161224 8.929999998485982e-05
90 0.0005674000000226442 8.919999999079664e-05
100 0.0006711999999993168 8.920000001921835e-05
150 0.0008728999999902953 9.090000000355758e-05
200 0.0012014000000135638 9.00999999942087e-05
250 0.0016155000000139808 9.239999999977044e-05
300 0.001994300000006888 9.389999999598331e-05
350 0.002574600000002647 9.560000000874425e-05
400 0.0036972999999989042 0.00012380000001144253
450 0.004169700000005605 0.00010789999998905841
500 0.0047849000000042 0.00013020000000096843
750 0.01223099999998567 0.00012050000000840555
800 0.012313899999981004 0.00012060000000246873
900 0.014666500000004135 0.00012770000000728032
1000 0.018034600000021328 0.00013139999998657004
1250 0.029470199999991564 0.000166900000010628
1500 0.04367479999999091 0.0001513999999929183
1750 0.05350140000001602 0.00016149999999015563
2000 0.06977840000001834 0.00017029999997930645
2500 0.10321490000001177 0.0001956000000120639
3000 0.15068069999998102 0.0002084000000195374
3500 0.20678790000002323 0.00022959999998306557
4000 0.26279919999998924 0.00026640000001521
5000 0.40602489999997715 0.0003639000000248416
10000 1.5788270000000182 0.000592399999987947
10 0.0003348000000187312 0.00017869999999220454
20 0.00031799999999293505 8.460000000809487e-05
30 0.0005528000000083466 8.539999998902204e-05
40 0.00044780000001765075 8.549999998308522e-05
50 0.00040219999999635547 8.510000000683249e-05
60 0.00047969999999963875 8.790000001113185e-05
70 0.0004884999999887896 8.800000000519503e-05
80 0.0006516999999917061 0.0001048000000025695
90 0.0007747000000222215 9.149999999635838e-05
100 0.000708400000007714 9.079999998107269e-05
150 0.0009679000000062388 0.0001073999999903208
200 0.001239099999992277 9.33000000031825e-05
250 0.0017574999999965257 0.00013780000000451764
300 0.0022923999999875377 0.0001398999999935313
350 0.002562199999999848 0.00010149999999953252
400 0.003536200000013423 0.00010950000000775617
450 0.004901200000006156 0.00012159999999994398
500 0.005545100000006187 0.00015160000000946638
750 0.01574619999999527 0.00013369999999213178
800 0.013017300000001342 0.00018880000001786357
900 0.015156399999995074 0.00013200000000779255
1000 0.018260800000007293 0.00013509999999428146
1250 0.027071800000015855 0.0001387000000079297
1500 0.04035619999999085 0.0004289999999969041
1750 0.05898189999999204 0.0001622999999995045
2000 0.07364520000001562 0.00033209999998007333
2500 0.11097229999998603 0.00022640000000251348
3000 0.15335419999999544 0.0002116000000000895
3500 0.20600809999999115 0.0002557999999908134
4000 0.27318250000001854 0.00024119999997651576
5000 0.4020471999999984 0.0002992000000006101
10000 1.5639162999999883 0.0005114000000219221
10 0.0003233999999849857 0.0001622999999995045
20 0.00038950000001136686 8.109999998850981e-05
30 0.00032240000001593216 0.00031849999999167267
40 0.0003872999999998683 8.669999999710853e-05
50 0.0004729000000054384 8.510000000683249e-05
60 0.0004883000000006632 8.520000000089567e-05
70 0.00046700000001465014 8.539999998902204e-05
80 0.0005101000000138356 8.49999999843476e-05
90 0.0005872000000124444 8.639999998649728e-05
100 0.0006726000000014665 8.909999999673346e-05
150 0.000911400000006779 8.869999999205902e-05
200 0.0011666000000047916 8.990000000608234e-05
250 0.0015319000000033611 8.970000001795597e-05
300 0.0020881999999744494 9.090000000355758e-05
350 0.002454100000022663 9.289999999850806e-05
400 0.004697599999985869 0.00014749999999708052
450 0.0042860000000075615 0.0001036000000169679
500 0.004870100000005095 0.00010629999999878237
750 0.010660800000010795 0.0001157000000091557
800 0.012251700000007304 0.00011829999999690699
900 0.01524190000000658 0.00012350000000083128
1000 0.018493999999975586 0.0001963000000273496
1250 0.027713099999999713 0.00016590000001315275
1500 0.03951169999999138 0.00014160000000629225
1750 0.052825200000000905 0.00015189999999165593
2000 0.06830380000002378 0.00016349999998510611
2500 0.10526340000001255 0.0001738999999929547
3000 0.14776480000000447 0.00019449999999210377
3500 0.20785060000000044 0.00021620000001121298
4000 0.26453790000002186 0.0002458999999817024
5000 0.4038936000000035 0.00029169999999112406
10000 1.5779768999999817 0.0005074000000035994
10 0.000442200000009052 0.0001622999999995045
20 0.0003076000000135082 8.040000000164582e-05
30 0.0005886000000145941 8.549999998308522e-05
40 0.00036599999998543353 8.160000001566914e-05
50 0.0004299999999943793 8.339999999407155e-05
60 0.0004467999999917538 8.680000001959343e-05
70 0.00047569999998131607 8.619999999837091e-05
80 0.0005494000000112464 8.49999999843476e-05
90 0.0005690000000129203 8.619999999837091e-05
100 0.0006183000000135053 8.719999999584616e-05
150 0.0009192999999925178 9.000000000014552e-05
200 0.0012238999999851785 8.960000002389279e-05
250 0.0015775999999902979 8.969999998953426e-05
300 0.002117599999991171 9.200000002351771e-05
350 0.002665799999988394 9.390000002440502e-05
400 0.0034938999999951648 0.00010310000001823028
450 0.0040984999999977845 0.0001042000000097687
500 0.004923899999994319 0.0001567000000193275
750 0.01237760000000776 0.00015300000001161607
800 0.012277199999999766 0.00011699999998882049
900 0.014538200000004053 0.0001226999999914824
1000 0.018060899999994717 0.00012710000001447952
1250 0.0292491999999811 0.00015430000001970257
1500 0.03868449999998802 0.00013690000000110558
1750 0.05232409999999277 0.00014870000001110384
2000 0.06719609999998966 0.00023029999999835127
2500 0.10621559999998453 0.0001814999999965039
3000 0.1493620999999905 0.0001948999999967782
3500 0.20339000000001306 0.0002893999999855623
4000 0.2691022000000203 0.0003113999999868611
5000 0.4021861999999885 0.00031350000000429645
10000 1.5667522999999903 0.0005075999999917258
10 0.00032640000000583314 0.00015989999999987958
20 0.0003046999999867239 8.099999999444663e-05
30 0.000648500000011154 8.660000000304535e-05
40 0.00036460000001170556 8.539999998902204e-05
50 0.00042669999999134234 8.470000000215805e-05
60 0.00041899999999372994 8.37000000046828e-05
70 0.0004916000000037002 8.439999999154679e-05
80 0.0005278000000146221 8.449999998560997e-05
90 0.000539200000019946 8.659999997462364e-05
100 0.0006201000000203294 8.479999999622123e-05
150 0.0008732000000009066 8.619999999837091e-05
200 0.0012605000000007749 8.979999998359744e-05
250 0.0014948999999830903 9.120000001416884e-05
300 0.0022241000000065014 9.149999999635838e-05
350 0.0024680999999873166 9.529999999813299e-05
400 0.00330700000000661 0.0001036000000169679
450 0.004094700000024432 0.00010509999998475905
500 0.004836900000015021 0.0001878999999860298
750 0.012068599999992102 0.00011680000000069413
800 0.012335600000000113 0.00012069999999653191
900 0.014489299999979721 0.0001227000000199041
1000 0.017920699999990575 0.00012910000000943
1250 0.027316299999995408 0.00013279999998871972
1500 0.03877430000000004 0.00020700000001738772
1750 0.05253600000000347 0.00014749999999708052
2000 0.06830460000000471 0.00016010000001642766
2500 0.10416479999997819 0.00017930000001342705
3000 0.15003779999997846 0.00020230000001220105
3500 0.1998284999999953 0.00022160000000326363
4000 0.2650940000000048 0.0002531000000089989
5000 0.3981169000000193 0.00028789999998934945
10000 1.5527218999999945 0.0005093999999985499
10 0.0003215000000125201 0.00016210000001137814
20 0.00030460000002108245 8.149999999318425e-05
30 0.0006269000000145297 8.62999999924341e-05
40 0.0004026000000010299 8.330000000000837e-05
50 0.0003884999999854699 8.289999999533393e-05
60 0.00045610000000806394 8.399999998687235e-05
70 0.0004544999999893662 8.360000001061962e-05
80 0.0005673999999942225 8.280000000127075e-05
90 0.0005360000000109721 0.0001213999999833959
100 0.0005835999999987962 8.410000000935725e-05
150 0.0008689000000003944 8.710000000178297e-05
200 0.001130700000004481 8.719999999584616e-05
250 0.0015438000000074226 8.929999998485982e-05
300 0.0019250999999940177 9.230000000570726e-05
350 0.0026412999999934073 9.430000000065775e-05
400 0.0034114999999985685 0.0001021999999863965
450 0.004076099999991811 0.00014160000000629225
500 0.004807400000004236 0.0001577999999824442
750 0.01245729999999412 0.00011709999998288367
800 0.012158499999998185 0.0001533999999878688
900 0.014532200000019202 0.00012419999998769526
1000 0.017918400000013435 0.0001302999999950316
1250 0.027458400000000438 0.00013319999999339416
1500 0.038369899999992185 0.00015439999998534404
1750 0.051830999999992855 0.0001475999999911437
2000 0.06781259999999634 0.00016189999999483007
2500 0.10596259999999802 0.00017760000000066611
3000 0.15073000000001002 0.00022409999999695174
3500 0.19615340000001424 0.0002154000000018641
4000 0.2665909000000113 0.0003161999999861109
5000 0.3942918999999847 0.0002844999999922493
10000 1.5626741000000095 0.0004989999999907013
