10 0.00010609999999999786 0.018804199999999938
20 7.230000000024717e-05 3.6499999999328736e-05
30 8.469999999949351e-05 1.699999999971169e-05
40 0.00011730000000031993 1.2399999999246347e-05
50 0.0001385000000002634 0.0004908999999999608
60 0.00017159999999982745 1.5199999999992997e-05
70 0.00020320000000051408 1.979999999957016e-05
80 0.00023669999999942348 1.750000000022567e-05
90 0.00023739999999961015 3.900000000012227e-05
100 0.00027229999999978105 2.089999999999037e-05
150 0.0004615000000001146 0.00022919999999970742
200 0.0005930000000002877 0.00020469999999939148
250 0.0009189000000002778 0.0003523999999996974
300 0.0014927000000000135 0.0004129999999999967
350 0.0014580999999997957 0.0006181999999999022
400 0.0020071000000001504 0.0011093000000004238
450 0.0024969999999999715 0.0017086000000006152
500 0.0025712000000002178 0.0021436999999995265
750 0.004361299999999346 0.0071891000000006144
800 0.005462900000000381 0.008635700000000135
900 0.006412899999999944 0.010904799999999604
1000 0.00642839999999989 0.015623299999999674
1250 0.007502800000000143 0.032112899999999556
1500 0.010888099999999845 0.04887430000000048
1750 0.012626899999999885 0.06733910000000076
2000 0.01454600000000017 0.11169549999999973
2500 0.018874499999999905 0.18052660000000031
3000 0.023113899999999354 0.2828519000000007
3500 0.02920809999999996 0.4076827999999999
4000 0.031052999999999997 0.5701555000000003
5000 0.03767250000000022 1.2973803999999998
10000 0.07481319999999947 10.450771999999999
10 0.10292369999999806 0.050380000000000535
20 6.87999999975375e-05 2.1500000002561137e-05
30 8.120000000033656e-05 8.90000000097757e-06
40 0.00011000000000294108 9.699999999668307e-06
50 0.00013249999999942474 2.0599999999149077e-05
60 0.00015989999999987958 1.0800000001864873e-05
70 0.00022420000000167306 1.749999999844931e-05
80 0.00020669999999967104 1.4200000002517754e-05
90 0.00023519999999876973 3.069999999993911e-05
100 0.00026030000000076825 2.190000000013015e-05
150 0.0004370999999991909 9.460000000061086e-05
200 0.0006239999999984036 0.0001333999999992841
250 0.0007546000000004938 0.0002502999999975941
300 0.001081499999997959 0.000597800000001314
350 0.0011796000000003914 0.000704500000001218
400 0.0013981999999970185 0.0011217999999999506
450 0.0015460000000011576 0.0013646999999998854
500 0.0017111999999990246 0.001954500000000081
750 0.0034279000000019266 0.006045799999998991
800 0.00422020000000245 0.007263299999998196
900 0.004785600000001722 0.010257399999996863
1000 0.0053818999999997175 0.013823399999999708
1250 0.008358099999998814 0.03128710000000012
1500 0.011044899999998137 0.05183879999999874
1750 0.013750699999999227 0.07136780000000087
2000 0.01671789999999973 0.11787490000000034
2500 0.02034760000000091 0.18465129999999874
3000 0.025048100000002904 0.26831149999999937
3500 0.026505900000000082 0.40393999999999863
4000 0.0320083000000011 0.6399968999999999
5000 0.04169429999999963 1.2802768000000029
10000 0.08599490000000287 9.570850899999996
10 0.10424669999999736 0.04960140000000024
20 6.8999999996322e-05 3.0000000002416982e-05
30 7.779999999968368e-05 6.700000000137152e-06
40 0.00010929999999831352 7.500000002380602e-06
50 0.0001430000000013365 2.800000000036107e-05
60 0.00015739999999908605 1.0500000001911758e-05
70 0.00020150000000285218 1.3199999997937084e-05
80 0.00021459999999962065 2.6200000000642376e-05
90 0.00022390000000171995 2.9099999999004922e-05
100 0.00024690000000049395 1.650000000097407e-05
150 0.00043629999999694746 0.0001010000000007949
200 0.0005943000000030452 0.00016360000000048558
250 0.0007426000000023691 0.00036369999999408265
300 0.000929800000001535 0.00036880000000394375
350 0.0010076000000012186 0.0007352999999952203
400 0.0013403000000025145 0.001056800000000635
450 0.0015201999999945315 0.0013651000000010072
500 0.001779599999998993 0.00204169999999948
750 0.004191199999993955 0.005950600000005579
800 0.005303099999999006 0.007156799999997077
900 0.004869200000001683 0.01034779999999813
1000 0.005548500000003287 0.01429949999999991
1250 0.00651539999999784 0.030863300000000038
1500 0.008615000000006034 0.05277590000000032
1750 0.010876599999996017 0.08708030000000377
2000 0.017011300000000062 0.1126144999999994
2500 0.01983950000000334 0.19189759999999723
3000 0.025347899999999868 0.288715499999995
3500 0.025907000000003677 0.4153148999999985
4000 0.034845899999993435 0.6960359000000054
5000 0.048044400000001986 1.2857135
10000 0.07175840000000022 10.226102899999994
10 0.12193979999999982 0.059812000000000864
20 9.659999999911406e-05 2.940000000251075e-05
30 0.00011519999999620723 1.679999999737447e-05
40 0.00018140000000244072 1.9299999998168005e-05
50 0.00020949999999686497 5.079999999679785e-05
60 0.00024060000000503123 1.4000000000180535e-05
70 0.00028280000000080463 4.3400000002691286e-05
80 0.00030050000000159116 3.0999999999892225e-05
90 0.0003810999999984688 2.0300000002748675e-05
100 0.00037290000000211876 3.4499999998161e-05
150 0.0006114000000039255 0.00011889999999681322
200 0.0008377999999993335 0.00019310000000416494
250 0.001085199999998565 0.0002770999999981427
300 0.0013640000000023633 0.0004173000000022853
350 0.0016499000000038677 0.001239200000000551
400 0.002121700000003557 0.0018466000000003646
450 0.0021607999999986305 0.0014582999999959156
500 0.002533400000004349 0.002171099999998205
750 0.004070200000001023 0.006364800000000059
800 0.005677200000000937 0.00783609999999868
900 0.006219999999999004 0.012158700000000522
1000 0.007219800000001442 0.015468800000000726
1250 0.00909080000000273 0.032273600000003455
1500 0.010828699999997582 0.05094569999999976
1750 0.018004300000001194 0.08181650000000218
2000 0.014155200000004697 0.12021599999999921
2500 0.019840700000003153 0.20669849999999457
3000 0.028085900000000663 0.31839460000000486
3500 0.032075799999994103 0.4801536000000013
4000 0.039172800000002894 0.6057141000000001
5000 0.040527700000005495 1.2861659000000003
10000 0.07982480000000436 9.589697600000001
10 0.12354539999999758 0.06473760000000084
20 6.760000000127775e-05 2.5600000000736145e-05
30 9.190000000103282e-05 8.300000004624053e-06
40 0.00010699999999985721 8.200000003455443e-06
50 0.00012449999999830652 5.709999999936599e-05
60 0.00015530000000296695 1.0299999999574538e-05
70 0.00018750000000267164 1.0500000001911758e-05
80 0.00020309999999312822 1.4300000003686364e-05
90 0.0002287000000009698 1.619999999746824e-05
100 0.00024870000000021264 1.650000000097407e-05
150 0.000423200000000179 7.159999999828415e-05
200 0.0005791999999971154 0.00012850000000241835
250 0.0007608999999959565 0.00022270000000190748
300 0.0009127000000006547 0.00021040000000027703
350 0.0010174000000020555 0.0005112999999994372
400 0.001346500000003914 0.0010511999999991417
450 0.0015004999999987945 0.0013484999999988645
500 0.0017369999999985453 0.0019429999999971415
750 0.003340999999998928 0.005572499999999536
800 0.005322200000001942 0.007484500000003891
900 0.00493550000000198 0.010587999999998488
1000 0.007094700000003229 0.014397599999995236
1250 0.008690900000004831 0.030608100000002025
1500 0.008718600000001686 0.05131629999999632
1750 0.013787899999996966 0.07873220000000458
2000 0.01554519999999826 0.11054109999999895
2500 0.0212574000000032 0.21508389999999622
3000 0.022018799999997896 0.32761750000000234
3500 0.030606599999998707 0.4632453000000041
4000 0.0366447999999977 0.6598605000000006
5000 0.046645699999999124 1.3002003000000002
10000 0.08167339999999967 9.628710799999993
10 0.11140330000000631 0.05573459999999386
20 9.659999999200863e-05 3.399999999942338e-05
30 0.00011299999999891952 1.039999999363772e-05
40 0.00016119999999375523 1.3199999997937084e-05
50 0.00019389999999930296 2.920000000017353e-05
60 0.00023170000000050095 2.1200000006160735e-05
70 0.00026010000000553646 2.1699999990687502e-05
80 0.00030209999999897263 3.23000000008733e-05
90 0.000320500000000834 1.9299999991062577e-05
100 0.0003662000000019816 5.699999999819738e-05
150 0.0006570000000039045 8.869999999205902e-05
200 0.0007981999999913114 0.00019500000000505224
250 0.0010655999999897858 0.0002761000000077729
300 0.0015931999999878599 0.0003941000000082795
350 0.0016183999999981324 0.0008698000000038064
400 0.0018328999999965845 0.0012929000000099222
450 0.0020597000000037724 0.0014638999999903035
500 0.0023292000000054713 0.0021132999999906588
750 0.00413539999999557 0.006066400000008798
800 0.005339699999993286 0.007567700000009836
900 0.006137400000000071 0.010554700000000139
1000 0.007038999999991802 0.01467060000000231
1250 0.009050399999992464 0.03418860000000734
1500 0.01149100000000658 0.05305389999999477
1750 0.012599299999990876 0.07268030000000181
2000 0.016710400000008008 0.11126649999999927
2500 0.018957599999993135 0.17397470000000226
3000 0.021757800000003158 0.25654849999999385
3500 0.029375799999996843 0.44367799999999136
4000 0.031535800000000336 0.6443879999999922
5000 0.04321989999999687 1.278559400000006
10000 0.07782309999998915 9.790230400000013
10 0.11113739999998984 0.05932970000000637
20 9.49000000076694e-05 2.9900000001248372e-05
30 0.00012830000000008113 9.49999999022566e-06
40 0.00024860000000614946 1.2499999996862243e-05
50 0.00018140000000244072 2.7500000001623448e-05
60 0.00021630000000527616 1.1899999989850585e-05
70 0.0002608000000066113 1.3999999993075107e-05
80 0.00038089999999613156 2.4800000005598122e-05
90 0.0003086000000109834 3.109999998684998e-05
100 0.0003717999999963695 2.2999999998774e-05
150 0.0006017000000042572 9.450000000299497e-05
200 0.0006302000000033559 0.00016719999999281754
250 0.0007658999999904381 0.00027000000000043656
300 0.000939299999998866 0.00039409999999406864
350 0.0013651000000010072 0.0007088999999922407
400 0.0013095999999990227 0.0010545000000092841
450 0.0015421999999887248 0.0014104000000116912
500 0.002127399999992008 0.0022909000000055357
750 0.0043975999999901205 0.006778600000004076
800 0.0054069000000112055 0.008402499999988322
900 0.006130500000011807 0.010767999999998779
1000 0.0072088999999948555 0.014416000000011309
1250 0.008694599999998331 0.030633700000009867
1500 0.010955699999996682 0.04863149999999905
1750 0.013745000000000118 0.08683499999999356
2000 0.013135599999998249 0.10779159999999877
2500 0.017505600000006893 0.18184569999999667
3000 0.022045000000005643 0.26851899999999773
3500 0.02961109999999678 0.4345351999999991
4000 0.038938899999990895 0.6404223000000115
5000 0.04999899999999968 1.295166100000003
10000 0.07125080000000139 9.453751499999996
10 0.11024770000000217 0.05515330000000063
20 8.869999999205902e-05 2.829999999676147e-05
30 0.00010969999999588254 9.400000010373333e-06
40 0.0001464000000055421 9.800000000836917e-06
50 0.00018239999999991596 2.6599999998211388e-05
60 0.00021549999999592728 1.1999999998124622e-05
70 0.0002578999999940379 1.4300000003686364e-05
80 0.00028890000000103555 1.699999999971169e-05
90 0.00031799999999293505 2.0599999999149077e-05
100 0.00035429999999792017 2.27000000023736e-05
150 0.0005618999999938978 8.309999999767115e-05
200 0.0008040999999963105 0.00020680000000083965
250 0.0010656999999980599 0.0003185000000058835
300 0.0013003999999909865 0.00037040000000843065
350 0.0018775000000061937 0.000788900000003423
400 0.0018034000000000106 0.0009784999999880029
450 0.002036500000002661 0.0013929999999930942
500 0.0023202999999938356 0.002037200000003736
750 0.004111700000009932 0.00601959999998769
800 0.005074399999998036 0.007338500000003023
900 0.005995499999997378 0.010157100000000696
1000 0.00691209999999387 0.014338699999996152
1250 0.008633299999999622 0.03074649999999224
1500 0.01097060000000738 0.05061150000000225
1750 0.013281899999995517 0.0800028000000026
2000 0.01647370000000592 0.10533099999999251
2500 0.020267099999998095 0.19270840000000078
3000 0.020407300000002238 0.2674281000000036
3500 0.02627780000000257 0.39358489999999335
4000 0.03191669999999647 0.5994314000000003
5000 0.0499333000000064 1.2464865999999972
10000 0.0696583000000004 9.813946000000001
10 0.10429479999999103 0.05279930000000377
20 6.770000000244636e-05 2.5600000000736145e-05
30 0.00011429999999279516 8.300000004624053e-06
40 0.00011659999999835691 1.0000000003174137e-05
50 0.00013819999999498123 2.5300000004335743e-05
60 0.00015229999999633037 1.0500000001911758e-05
70 0.00019600000000252749 1.2499999996862243e-05
80 0.0002252999999967642 2.6900000008822644e-05
90 0.00022930000000087603 2.800000000036107e-05
100 0.00024210000000834953 2.0599999999149077e-05
150 0.00047360000000651326 9.289999999850806e-05
200 0.0005472999999938111 0.00011849999999924421
250 0.0007533999999935759 0.0002970000000033224
300 0.0009659000000112883 0.0005072999999953254
350 0.0012866000000002487 0.0007588999999939006
400 0.001747899999998026 0.0012408000000050379
450 0.0020474000000092474 0.0013733999999914204
500 0.0024025000000023056 0.0019948999999996886
750 0.004138400000002207 0.005970300000001316
800 0.0053584000000057586 0.007649499999999421
900 0.006283100000004538 0.01033350000000155
1000 0.007152900000008344 0.014612799999994763
1250 0.008831399999991163 0.032152800000005755
1500 0.011606099999994512 0.057575100000008206
1750 0.014428699999996297 0.0817426999999924
2000 0.01748460000000307 0.12359479999999223
2500 0.01556029999998998 0.15509530000001348
3000 0.020815200000001255 0.25634619999999586
3500 0.026535600000002546 0.43927290000000596
4000 0.03312040000000138 0.6066592999999898
5000 0.05052890000000332 1.2878602999999913
10000 0.08316979999999319 9.897324800000007
