10 0.07130950000009761 0.06827999999995882
20 0.0005719999999200809 0.0036057000002074346
30 0.0003386999997019302 0.0043049999999311694
40 0.0003529000000526139 0.00670250000030137
50 0.0005588999997598876 0.007942499999899155
60 0.0004432000000633707 0.00972749999982625
70 0.0004397000002427376 0.01016059999983554
80 0.0006290000001172302 0.01180900000008478
90 0.000515700000050856 0.012751400000070134
100 0.0005088000002615445 0.014025499999661406
150 0.0006272000000535627 0.022001499999987573
200 0.0007421999998769024 0.027044500000101834
250 0.0008909999996831175 0.036002800000005664
300 0.0012823000001844775 0.04624530000000959
350 0.0015844000004108238 0.051838199999565404
400 0.0030052999995859864 0.059004600000207574
450 0.0020726000002468936 0.06649259999994683
500 0.00282470000001922 0.0845380999999179
750 0.007352999999966414 0.12765010000020993
800 0.006284900000082416 0.13296159999981683
900 0.008519999999862193 0.16390409999985422
1000 0.010872299999846291 0.17776739999999336
1250 0.015454199999567209 0.23446899999999005
1500 0.020610500000202592 0.3026795000000675
1750 0.028600100000403472 0.3721724999995786
2000 0.03994520000014745 0.4648330999998507
2500 0.0536496999998235 0.6659835000000385
3000 0.07746429999997417 0.925275099999908
3500 0.10671759999968344 1.1718918999999914
4000 0.1357549000003928 1.5266068999999334
5000 0.2080338999999185 2.5196148999998513
10000 0.8160346999998183 9.134699400000045
10 0.0005140000002938905 0.09564329999966503
20 0.0003504000001157692 0.003049500000088301
30 0.00020029999996040715 0.0046781999999438995
40 0.00035959999968326883 0.00695350000023609
50 0.00024399999983870657 0.007590200000322511
60 0.00026900000011664815 0.009238299999651645
70 0.00045709999994869577 0.009669099999882746
80 0.000730900000235124 0.011466599999948812
90 0.0006697999997413717 0.012680100000125094
100 0.0005302999998093583 0.015643000000181928
150 0.0006564000000253145 0.023013199999695644
200 0.0012585999998009356 0.030305000000225846
250 0.0009791000002223882 0.03812729999981457
300 0.001345499999843014 0.045332000000144035
350 0.0015769000001455424 0.05490289999988818
400 0.0020933999999215303 0.06307979999974123
450 0.0024985000000015134 0.07014320000007501
500 0.003172799999902054 0.08008289999997942
750 0.005582499999945867 0.12720549999994546
800 0.0058727999999064195 0.13526920000003884
900 0.007603600000038568 0.15587980000009338
1000 0.009779399999843008 0.17444620000014766
1250 0.015055699999720673 0.24092670000027283
1500 0.020194699999592558 0.30536360000041896
1750 0.028957700000319164 0.3744104999996125
2000 0.03423160000011194 0.4414869999995972
2500 0.05649180000000342 0.6746616999998878
3000 0.0780109000002085 0.9187203999999838
3500 0.11200490000010177 1.1702323999998043
4000 0.13802940000005037 1.4870292999999037
5000 0.2092541000001802 2.48200369999995
10000 0.8164624000000913 8.677347700000155
10 0.00030259999994086684 0.09891440000001239
20 0.00027420000014899415 0.003412699999898905
30 0.00035049999996772385 0.004262700000253972
40 0.0004690999999183987 0.005376200000227982
50 0.0004675999998653424 0.0071666000003460795
60 0.00039680000008956995 0.009187399999973422
70 0.0005515000002560555 0.010021499999766093
80 0.0007110000001375738 0.011696799999754148
90 0.0006005999998706102 0.012535399999705987
100 0.0007171000002017536 0.015413699999953678
150 0.0009132999998655578 0.021010699999806093
200 0.0009534000000712695 0.027707100000043283
250 0.0011327000001983833 0.03707349999967846
300 0.001310500000272441 0.04361029999972743
350 0.0016006999999262916 0.051752700000179175
400 0.001860100000158127 0.05990269999983866
450 0.0022235000001273875 0.06772180000007211
500 0.002851799999916693 0.07350169999972422
750 0.006273900000451249 0.12135239999997793
800 0.00689009999996415 0.13718440000002374
900 0.00843990000021222 0.15186659999972107
1000 0.009038600000167207 0.1758546999999453
1250 0.01540069999964544 0.23622999999997774
1500 0.019803199999842036 0.29628180000008797
1750 0.027254399999947054 0.361148299999968
2000 0.03449060000002646 0.4334745999999541
2500 0.05155620000005001 0.6461252999997669
3000 0.07779690000006667 0.8823566000000937
3500 0.10451449999982287 1.1612970999999561
4000 0.13261240000019825 1.435644300000149
5000 0.21073560000013458 2.3969003000001976
10000 0.8230162999998356 8.877923200000168
10 0.0002958000000035099 0.10362880000002406
20 0.0002828000001500186 0.0033002999998643645
30 0.000346100000115257 0.005830699999933131
40 0.0003842000000986445 0.0057863000001816545
50 0.00036510000018097344 0.006955100000141101
60 0.00040260000014313846 0.008353100000022096
70 0.0004318000001148903 0.010684099999707541
80 0.0005113000001983892 0.012941399999817804
90 0.0006303000000116299 0.013086399999792775
100 0.0007265999997798644 0.014114999999947031
150 0.001554000000396627 0.021325899999737885
200 0.0009660999999141495 0.029584500000055414
250 0.0010419999998703133 0.03941530000020066
300 0.001270499999918684 0.04528249999975742
350 0.001681300000200281 0.051960199999939505
400 0.001912000000174885 0.06249519999983022
450 0.0021734999995715043 0.07329000000027008
500 0.0033644999998614367 0.07762779999984559
750 0.00598039999977118 0.12885000000005675
800 0.005996700000196142 0.1358525999999074
900 0.0075834999997823616 0.15924170000016602
1000 0.010562800000116113 0.17906110000012632
1250 0.015875300000061543 0.23633350000000064
1500 0.023581000000376662 0.3054533999998057
1750 0.026985699999841017 0.3878480000003037
2000 0.039123900000049616 0.45586550000007264
2500 0.058523499999864725 0.6685088999997788
3000 0.07682900000008885 0.919359600000007
3500 0.10584729999982301 1.192395999999917
4000 0.14145449999978155 1.4595156000000316
5000 0.2253723000003447 2.5184540999998717
10000 0.8552997000001596 8.881303900000148
10 0.0002778999996735365 0.10973260000037044
20 0.0004125999998905172 0.003339299999879586
30 0.0004086999997525709 0.004229099999975006
40 0.00044879999995828257 0.005403499999829364
50 0.0005691999999726249 0.009057700000084878
60 0.00047199999971780926 0.008381399999962014
70 0.0004554000001917302 0.009837599999627855
80 0.00046650000012959936 0.012449099999685131
90 0.0006031000002622022 0.012870099999872764
100 0.0005622000003313588 0.014003999999658845
150 0.001801699999759876 0.023125400000026275
200 0.0008005999998204061 0.03216969999994035
250 0.0010249000001749664 0.049612400000114576
300 0.001672800000051211 0.048381699999936245
350 0.0016311999997924431 0.05260210000005827
400 0.0027338999998391955 0.06461239999998725
450 0.0023176999998213432 0.07249970000020767
500 0.003134099999897444 0.08510280000018611
750 0.006425600000056875 0.1316716000001179
800 0.008131599999614991 0.1348840000000564
900 0.00801229999979114 0.15931700000010096
1000 0.010542900000018562 0.1774201999996876
1250 0.015781699999934062 0.23913189999984752
1500 0.02033930000015971 0.30364479999980176
1750 0.032344499999908294 0.3666350000003149
2000 0.035358800000267365 0.4471198999999615
2500 0.05720499999961248 0.6603053000003456
3000 0.08109969999986788 0.9187735999998949
3500 0.10810579999997572 1.1921661999999742
4000 0.13800639999999476 1.4796040000001085
5000 0.21068379999996978 2.489046799999869
10000 0.8465711999997438 8.81930280000006
10 0.00046269999984360766 0.10541830000011032
20 0.0003536999997777457 0.003429800000048999
30 0.0002326999997421808 0.005124900000282651
40 0.0005041999997956736 0.006601200000204699
50 0.00040459999991071527 0.006885899999815592
60 0.0004586999998537067 0.009621400000014546
70 0.0007817000000613916 0.010827500000232249
80 0.0004637000001821434 0.011151700000027631
90 0.0004813000000467582 0.01271809999980178
100 0.0010351999999329564 0.01466389999995954
150 0.0008602000002611021 0.021632899999985966
200 0.0009337999999843305 0.029019099999914033
250 0.0017121000000770437 0.03830440000001545
300 0.001297199999953591 0.04572090000010576
350 0.0015260000000125729 0.05285430000003544
400 0.0018254000001434179 0.05939899999975751
450 0.0029235000001790468 0.07029839999995602
500 0.0024207000001297274 0.07754089999980351
750 0.005744300000060321 0.12776250000024447
800 0.005866999999852851 0.13620979999996052
900 0.007669799999803217 0.15712500000017826
1000 0.01074689999995826 0.1809585999999399
1250 0.014751900000192109 0.2369036000000051
1500 0.02208229999996547 0.29915269999992233
1750 0.030449100000168983 0.3666527000000315
2000 0.0379467000002478 0.44595659999959025
2500 0.05229509999981019 0.6665745999998762
3000 0.07831880000003366 0.9056672000001527
3500 0.10830480000004172 1.1914237999999386
4000 0.14239230000021053 1.4815633999996862
5000 0.21108550000008108 2.5040884999998525
10000 0.8338904000002003 8.818870899999638
10 0.0006871000000501226 0.10515829999985726
20 0.0005671999997503008 0.003068999999868538
30 0.000352399999883346 0.004152799999701529
40 0.0004100999999536725 0.005908999999974185
50 0.0003973000002588378 0.006750000000010914
60 0.0003904000000147789 0.008571500000016385
70 0.00046249999968495104 0.009407000000010157
80 0.00043569999979808927 0.010524700000132725
90 0.000428999999712687 0.013005499999962922
100 0.0005049000001235981 0.01437549999991461
150 0.0014448000001721084 0.021480899999914982
200 0.0010741999999481777 0.028561699999954726
250 0.0010502999998607265 0.03788699999995515
300 0.0011967999998887535 0.045110099999874365
350 0.0015909999997347768 0.06262010000000373
400 0.0019060999998146144 0.05808000000024549
450 0.002035199999681936 0.06995190000043294
500 0.002569199999925331 0.07547139999996944
750 0.005303800000092451 0.12532289999990098
800 0.006009600000197679 0.13262229999963893
900 0.007632099999682396 0.1554286000000502
1000 0.009207099999912316 0.17907400000012785
1250 0.014815700000326615 0.24236119999977745
1500 0.023533600000064325 0.30932069999971645
1750 0.028862799999842537 0.36924309999994875
2000 0.03629849999970247 0.4514146999999866
2500 0.059306500000275264 0.6599587000000611
3000 0.0778771999998753 0.8862216000002263
3500 0.11069369999995615 1.2087443000000349
4000 0.13587740000002668 1.4847540999999183
5000 0.21789029999990817 2.4586754000001747
10000 0.8285326999998688 8.755339599999843
10 0.0004849000001740933 0.10290569999961008
20 0.000589499999932741 0.00329409999994823
30 0.0003932999998141895 0.004256600000189792
40 0.00036150000005363836 0.005300899999838293
50 0.00038270000004558824 0.008320800000092277
60 0.0007446999998137471 0.008696899999904417
70 0.00043640000012601377 0.009669600000052014
80 0.0004388000002109038 0.011554000000160158
90 0.000672600000143575 0.012405599999965489
100 0.0005498000000443426 0.014678200000162178
150 0.0011823999998341606 0.021991000000070926
200 0.0008963000000221655 0.02855630000021847
250 0.00104700000019875 0.037627599999723316
300 0.0013834999999744468 0.044216100000085135
350 0.001984600000014325 0.05018969999991896
400 0.001771500000359083 0.058818999999857624
450 0.0020107000000280095 0.0666467000000921
500 0.0030732999998690502 0.08160829999997077
750 0.007466199999726086 0.13069010000026537
800 0.007082900000114023 0.15688300000010713
900 0.00760199999967881 0.16153310000026977
1000 0.009508300000106829 0.18646190000026763
1250 0.016527400000086345 0.25298639999982697
1500 0.024155099999916274 0.3320073999998385
1750 0.03310069999997722 0.37663590000011027
2000 0.03572839999969801 0.4338857000002463
2500 0.05554970000002868 0.6567798000000948
3000 0.07753580000007787 0.9033399999998437
3500 0.10378519999994751 1.22955120000006
4000 0.13956819999975778 1.4926196000001255
5000 0.21627480000006472 2.4144537000001947
10000 0.8221992999997383 8.5477992000001
10 0.00028779999956896063 0.10017370000014125
20 0.00039819999983592425 0.003993100000116101
30 0.0007419000003210385 0.004431299999851035
40 0.00039950000018507126 0.005121799999869836
50 0.0005344000001059612 0.00754270000015822
60 0.0004543000000012398 0.007938299999750598
70 0.00035609999986263574 0.011045700000067882
80 0.0004569999996419938 0.011047400000279595
90 0.0005995999999868218 0.011661199999707605
100 0.0007222999997793522 0.013683300000138843
150 0.0010532000001148845 0.020859199999904376
200 0.0009731000000101631 0.02803810000023077
250 0.0009539000002405373 0.03602469999987079
300 0.0012084999998478452 0.0451269999998658
350 0.0015637000001333945 0.051856799999768555
400 0.0021394999998847197 0.06102030000010927
450 0.002320400000371592 0.0660965999995824
500 0.002378200000293873 0.07343510000009701
750 0.005234599999766942 0.12595870000041032
800 0.008716399999684654 0.14509820000012041
900 0.009754200000315905 0.1662357999998676
1000 0.009914500000377302 0.18274939999992057
1250 0.01474289999987377 0.22929169999997612
1500 0.022392800000034185 0.292399800000112
1750 0.02615909999985888 0.3569701999999779
2000 0.03535710000005565 0.44148730000006253
2500 0.053654399999686575 0.6572954000002937
3000 0.07718490000024758 0.8974124999999731
3500 0.10210820000020249 1.1520897999998851
4000 0.1363670999999158 1.4663196999999855
5000 0.2152289999999084 2.436315299999933
10000 0.802884499999891 8.538771200000156
