10 5.55999999960477e-05 0.00013209999997343402
20 5.210000017541461e-05 0.0001063999998223153
30 7.210000012491946e-05 0.00014789999977438129
40 0.00036260000024412875 6.559999974342645e-05
50 6.990000019868603e-05 0.00018869999985327013
60 0.000152900000102818 8.990000014819088e-05
70 0.0002090000002681336 0.0001963999998224608
80 0.00010899999961111462 0.00013560000024881447
90 0.0002905000001192093 0.0002476999998179963
100 0.0002446999997118837 0.00025450000021010055
150 0.0003264999995735707 0.000342200000432058
200 0.00036129999989498174 0.0005033000002185872
250 0.0004300999999031774 0.0010158999998566287
300 0.0007579000002806424 0.0017905999998220068
350 0.0006662999999207386 0.0014796000000387721
400 0.0009522000000288244 0.002094199999646662
450 0.001240099999904487 0.0036599000000023807
500 0.0016602999999122403 0.004167399999914778
750 0.0023513000001003093 0.011811999999736145
800 0.0036470999998527986 0.011646299999938492
900 0.0024079999998321 0.0162716999998338
1000 0.003717800000231364 0.024571499999638036
1250 0.0046299000000544765 0.04567140000017389
1500 0.005285799999910523 0.08497069999975793
1750 0.006685100000140665 0.11345399999981964
2000 0.007432699999753822 0.16267259999995076
2500 0.010227799999938725 0.30996559999994133
3000 0.011038300000109302 0.5186545000001388
3500 0.016274600000087958 0.7442473999999493
4000 0.014976200000091922 1.0749410999997053
5000 0.023790900000221882 2.1990741999998136
10000 0.04105879999997342 15.945458700000017
10 0.07388360000004468 0.07457769999973607
20 4.5199999931355705e-05 0.00013559999979406712
30 5.139999984749011e-05 0.00013110000008964562
40 0.00011450000010881922 0.000136099999963335
50 0.00012070000002495362 0.0001357000001007691
60 0.00013269999999465654 0.0001498000001447508
70 0.00024410000014540856 0.0002586999999039108
80 0.0002812000002450077 0.00017799999977796688
90 0.0002577000000201224 0.00024329999996552942
100 0.0003102000000581029 0.00024200000007112976
150 0.0004020999999738706 0.0004957999999533058
200 0.0005335999999260821 0.0007316999999602558
250 0.0006316999997579842 0.0013008000000809261
300 0.0007938999997350038 0.00119459999996252
350 0.000655800000004092 0.0014051999996809172
400 0.00128839999979391 0.0021450000003824243
450 0.0011653000001388136 0.0037442000002556597
500 0.001091300000098272 0.003527200000007724
750 0.0018362999999226304 0.011061800000334188
800 0.0027517000003172143 0.01260469999988345
900 0.003270700000030047 0.017415899999832618
1000 0.0030062000000725675 0.02517840000018623
1250 0.005219199999828561 0.05071880000014062
1500 0.004653200000120705 0.07884160000003249
1750 0.006631800000377552 0.1344250999995893
2000 0.009102100000291102 0.17857120000007853
2500 0.011215699999866047 0.31606349999992744
3000 0.013029400000050373 0.50050229999988
3500 0.013458599999921717 0.8657797999999275
4000 0.02161710000018502 1.2420744999999442
5000 0.025068999999803054 2.118332999999893
10000 0.047222099999999045 15.28227939999988
10 0.0693885999999111 0.06542649999983041
20 4.360000002634479e-05 0.00015350000012404053
30 4.749999970954377e-05 7.780000032653334e-05
40 5.920000012338278e-05 8.63000000208558e-05
50 6.889999986015027e-05 6.970000004002941e-05
60 8.510000043315813e-05 0.00017529999968246557
70 0.00017240000033780234 0.0003222000000278058
80 0.00022979999994277023 0.0002988999999615771
90 0.0002552000000832777 0.00029600000016216654
100 0.00020769999991898658 0.00021049999986644252
150 0.0002561999999670661 0.00037050000037197606
200 0.0003224000001864624 0.0005255000000943255
250 0.00041980000014518737 0.0011931999997614184
300 0.0007074999998621934 0.0021446999999170657
350 0.0011641999999483232 0.0016063000002759509
400 0.000816700000086712 0.0018774999998640851
450 0.0009479999998802668 0.002851600000212784
500 0.0010775999999168562 0.0048840999997992185
750 0.0018354999997427512 0.010393300000032468
800 0.0028218000002198096 0.01080580000007103
900 0.0025835000001279695 0.01662979999991876
1000 0.0038546999999198306 0.030869300000176736
1250 0.005300399999669025 0.07038620000002993
1500 0.00477550000005067 0.08523979999972653
1750 0.007299700000203302 0.11618050000015501
2000 0.00784990000011021 0.20137679999970715
2500 0.012108899999930145 0.32280720000017027
3000 0.014081199999964156 0.523138900000049
3500 0.017728600000282313 0.8373177999997097
4000 0.021979900000133057 1.158401700000013
5000 0.027371599999696627 2.171363200000087
10000 0.03897180000012668 15.225431699999717
10 0.07336450000002515 0.06812459999991916
20 0.00017489999981989968 0.00013119999994160025
30 9.730000010677031e-05 8.099999968180782e-05
40 0.00010440000005473848 8.35999999253545e-05
50 0.00011530000028869836 0.00011039999981221627
60 0.00012900000001536682 0.00013659999967785552
70 0.00014310000005934853 0.00016239999968092889
80 0.00015320000011342927 0.00017459999980928842
90 0.0002813000000969623 0.00026740000021163723
100 0.0001726000000417116 0.0002444000001560198
150 0.00024549999989176285 0.0003747000000657863
200 0.0003415000001041335 0.0008339999999407155
250 0.0005412000000433181 0.001408999999966909
300 0.0007021999999778927 0.0012192000003778958
350 0.0005900000001020089 0.0017673999996077328
400 0.0011022999997294392 0.00229429999990316
450 0.0013229000001047098 0.003474099999948521
500 0.0012400000000525324 0.00507370000013907
750 0.0021738999998888175 0.00968379999994795
800 0.0027929999996558763 0.010898900000029244
900 0.002792500000396103 0.01632289999997738
1000 0.004301399999803834 0.028052500000285363
1250 0.00470099999984086 0.05514260000018112
1500 0.004656699999941338 0.0792236000002049
1750 0.005190899999888643 0.11854959999982384
2000 0.0075423999996928615 0.16748090000010052
2500 0.010397699999884935 0.3035165000001143
3000 0.01074930000004315 0.5114886000001206
3500 0.018792100000155187 0.828318599999875
4000 0.024836900000082096 1.152383600000121
5000 0.021542999999837775 2.2180662000000666
10000 0.05041990000017904 14.784112299999833
10 0.0697027999999591 0.06691870000031486
20 0.00011009999980160501 0.00015080000002853922
30 6.309999980658176e-05 0.00012770000012096716
40 0.00013239999998404528 0.0001816999997572566
50 7.210000012491946e-05 0.0001231999999617983
60 0.00013390000003710156 0.00016599999980826396
70 0.00020739999990837532 0.0001907000000755943
80 0.0001698999999462103 0.00016860000005181064
90 0.00017759999991540099 0.00018529999988459167
100 0.00021189999961279682 0.00022390000003724708
150 0.00032129999999597203 0.0004245000000082655
200 0.0003530999997565232 0.0005510999999387423
250 0.00043039999991378863 0.0009307000000262633
300 0.0004582999999911408 0.0010194000001320092
350 0.0005585999997492763 0.0013202000000092085
400 0.0010061000002679066 0.002368500000102358
450 0.0010105000001203734 0.002958799999760231
500 0.0010440999999445921 0.003383499999927153
750 0.0017961000003197114 0.01098679999995511
800 0.002723800000239862 0.011770099999921513
900 0.002810299999964627 0.022327299999687966
1000 0.0035003000002689078 0.028947400000106427
1250 0.00402429999985543 0.049865200000112964
1500 0.005362599999898521 0.07521779999979117
1750 0.0066953000000467 0.10715549999986251
2000 0.008155900000019756 0.16014009999980772
2500 0.009358599999814032 0.28192730000000665
3000 0.013154299999769137 0.47947530000010374
3500 0.018598199999814824 0.7567322999998396
4000 0.016772400000263588 1.0906394999997246
5000 0.029055999999854976 2.148571400000037
10000 0.0479139999997642 14.211520000000291
10 0.07122010000011869 0.07578909999983807
20 9.4600000011269e-05 0.00017810000008466886
30 4.949999993186793e-05 0.00011420000009820797
40 6.100000018705032e-05 0.00010620000011840602
50 7.320000031540985e-05 0.00010849999989659409
60 8.600000001024455e-05 0.00024489999987054034
70 0.00015379999967990443 0.00020940000013069948
80 0.00011399999993955134 0.00024279999979626155
90 0.0001855000000432483 0.0002482999998392188
100 0.00021729999980379944 0.0002944000002571556
150 0.00027460000001156004 0.00039509999987785704
200 0.0003351999998812971 0.0005580000001828012
250 0.0004100000001017179 0.0009577999999237363
300 0.0005029000003560213 0.001188700000056997
350 0.0010271999999531545 0.0018847000001187553
400 0.0011632000000645348 0.0026499999999032298
450 0.0009282000000894186 0.002977499999815336
500 0.0011002999999618623 0.0035049000002800312
750 0.00226829999974143 0.012228800000229967
800 0.002248299999791925 0.011772100000143837
900 0.0031579000001329405 0.018136499999855005
1000 0.00305579999985639 0.024930500000209577
1250 0.0035617999997157312 0.04861110000001645
1500 0.00564890000032392 0.06984479999982796
1750 0.00929069999983767 0.11143270000002303
2000 0.008490799999890442 0.1733420999998998
2500 0.01112589999956981 0.3089601000001494
3000 0.013529800000014802 0.47534140000016123
3500 0.016858399999819085 0.7399070000001302
4000 0.020643500000005588 1.0789887000000817
5000 0.0229205999999067 1.9041449000001194
10000 0.03986609999992652 14.77824789999977
10 0.06769669999994221 0.06837660000019241
20 0.0001295000001846347 0.00012209999977130792
30 0.0002137000001312117 7.49000000723754e-05
40 0.00016310000000885339 7.050000021990854e-05
50 0.00014479999981631408 0.00012419999984558672
60 0.0001617000002624991 0.00014089999967836775
70 0.00020479999966482865 0.00014559999999619322
80 0.00022330000001602457 0.00014680000003863825
90 0.00024020000000746222 0.00017449999995733378
100 0.0002641000000949134 0.0002454000000398082
150 0.0003248000002713525 0.00044509999997899286
200 0.00042429999984960887 0.0006699000000480737
250 0.0005367999997361039 0.0011143000001538894
300 0.0005529000000024098 0.0010866000002351939
350 0.0005764000002272951 0.0013024999998378917
400 0.0007172000000537082 0.0018371999999544641
450 0.0014328000002024055 0.0033733999998730724
500 0.0009270999998989282 0.0033627000002525165
750 0.001693899999736459 0.013081200000215176
800 0.002295900000262918 0.01184709999961342
900 0.002510599999823171 0.016430399999990186
1000 0.0037767999997413426 0.026311900000109745
1250 0.004553200000373181 0.04815519999965545
1500 0.004416199999923265 0.07128469999997833
1750 0.007413700000142853 0.10828390000006038
2000 0.008333700000093813 0.1517967999998291
2500 0.010588600000119186 0.28467929999987973
3000 0.010688900000332069 0.4667360999997072
3500 0.01313960000015868 0.7290066000000479
4000 0.022740800000065065 1.1119175999997424
5000 0.025028999999904045 2.0718606999998883
10000 0.04439400000001115 13.87844189999987
10 0.06577190000007249 0.06283719999964887
20 0.00023289999990083743 0.00012030000016238773
30 7.079999977577245e-05 0.00014180000016494887
40 9.170000021185842e-05 0.00012900000001536682
50 0.00011399999993955134 0.00024029999985941686
60 0.0001357000001007691 0.00015549999989161734
70 0.0001557999999022286 0.0002440999996906612
80 0.0002299999996466795 0.00020930000027874485
90 0.00025860000005195616 0.000247500000114087
100 0.00020050000011906377 0.0002813000000969623
150 0.00025410000034753466 0.0004380999998829793
200 0.0004816999999093241 0.0006645999997090257
250 0.0006503999998130894 0.0009395000001859444
300 0.00046209999982238514 0.0011735000002772722
350 0.0007239999999910651 0.0013435000000754371
400 0.0007344000000557571 0.0018626999999469263
450 0.000930400000015652 0.002836699999988923
500 0.00152429999980086 0.003910500000074535
750 0.001919399999678717 0.011486900000363676
800 0.0022743999998056097 0.011429900000166526
900 0.002648399999998219 0.015405799999825831
1000 0.0029470999998011393 0.02435409999998228
1250 0.004452199999832374 0.04872830000022077
1500 0.004253900000094291 0.07244530000025406
1750 0.005534099999749742 0.10931890000028943
2000 0.0076898000002074696 0.15247679999993125
2500 0.01042250000000422 0.28482209999992847
3000 0.011727000000064436 0.46179510000001756
3500 0.01667539999971268 0.7323407000003499
4000 0.02173640000000887 1.0687498000002051
5000 0.025323800000023766 1.901643800000329
10000 0.04563689999986309 13.488531500000136
10 0.0627902000001086 0.06531709999990198
20 4.5700000100623583e-05 0.00010340000017095008
30 0.000220299999909912 9.510000018053688e-05
40 0.00011979999999311985 0.00015279999979611603
50 0.0002274999997098348 0.0001886000000013155
60 0.00016789999972388614 0.00017019999995682156
70 0.00020119999999224092 0.00019729999985429458
80 0.00021960000003673485 0.00019870000005539623
90 0.00020820000008825446 0.0001953999999386724
100 0.0001916999999593827 0.00021779999997306732
150 0.00025899999991452205 0.0003670000000965956
200 0.00031480000006922637 0.0005256999997982348
250 0.00040069999977276893 0.0008943000002545887
300 0.00046010000005480833 0.0009871000002021901
350 0.0006555999998454354 0.0013385000002017478
400 0.0007077999998728046 0.0023108000000320317
450 0.0009061999999175896 0.002845799999704468
500 0.00095389999978579 0.003548900000168942
750 0.0018989999998666462 0.010219000000233791
800 0.002263399999719695 0.012812200000098528
900 0.0025015999999595806 0.017109099999743194
1000 0.002933299999767769 0.02221910000025673
1250 0.0035769000000982487 0.052853199999844946
1500 0.005403000000114844 0.07341919999998936
1750 0.006627799999932904 0.10830669999995735
2000 0.006415400000150839 0.15345819999993182
2500 0.011244400000123278 0.2696538000000146
3000 0.012971700000434794 0.4586699999999837
3500 0.01593989999992118 0.7140027999998892
4000 0.018102100000305654 1.0359350999997332
5000 0.02889610000011089 1.9203996999999617
10000 0.04624580000017886 13.833034999999654
