10 4.6300000121846097e-05 0.00035590000015872647
20 0.00015659999962736038 9.200000022246968e-05
30 9.920000002239249e-05 9.849999969446799e-05
40 0.00010490000022400636 0.00011170000016136328
50 7.499999992433004e-05 0.0001382000000376138
60 8.889999980965513e-05 0.00018670000008569332
70 0.0001457000003028952 0.00013480000006893533
80 0.00015040000016597332 0.00014310000005934853
90 0.00012939999987793271 0.00032310000005963957
100 0.0001967999996850267 0.00020089999998162966
150 0.000287800000023708 0.0004258000003574125
200 0.00035979999984192546 0.0004038000001855835
250 0.0004481000000851054 0.0009313999998994404
300 0.0009896999999909895 0.0010019999999713036
350 0.0009438000001864566 0.0010729999999057327
400 0.0008784000001469394 0.0016310999999404885
450 0.0009462000002713467 0.002140899999631074
500 0.0009015000000545115 0.003040000000055443
750 0.003055499999845779 0.010008499999912601
800 0.0023622999997314764 0.010557500000231812
900 0.002498199999990902 0.014663100000234408
1000 0.002725800000007439 0.018341399999826535
1250 0.0038034000003790425 0.03720889999976862
1500 0.004495599999700062 0.06346220000023095
1750 0.006337900000289665 0.08721429999968677
2000 0.007562699999652978 0.10704660000010335
2500 0.008034500000121625 0.19508760000007896
3000 0.01151079999999638 0.3011930000002394
3500 0.015172299999903771 0.4291011000000253
4000 0.02078010000013819 0.6257856000001993
5000 0.022660699999960343 1.1448827999997775
10000 0.03882220000014058 6.946033699999589
10 0.06641050000007453 0.00022420000004785834
20 4.1900000269379234e-05 0.0001295000001846347
30 4.8800000058690784e-05 0.00024080000002868474
40 0.00013140000010025688 0.00011410000024625333
50 7.360000017797574e-05 0.00014859999964755843
60 0.00012280000009923242 0.0001803000000109023
70 0.00013940000008005882 0.000136099999963335
80 0.00015010000015536207 0.00014680000003863825
90 0.00022810000018580467 0.00012289999995118706
100 0.0001718999997137871 0.00016980000009425567
150 0.00024270000039905426 0.0004546999998638057
200 0.00034589999995660037 0.00043020000020987936
250 0.00039409999999406864 0.0005508999997800856
300 0.00048659999993105885 0.0006680000001324515
350 0.0010483000000931497 0.0016651000000820204
400 0.0011546000000635104 0.0023866999999881955
450 0.0009105999997700565 0.002258699999856617
500 0.0010447999998177693 0.005444599999918864
750 0.0024275000000670843 0.00962970000000496
800 0.002272299999731331 0.010841000000255008
900 0.003573200000118959 0.013966600000003382
1000 0.0028864999999314023 0.023753899999974237
1250 0.003840200000013283 0.04807200000004741
1500 0.003857400000015332 0.06309039999996457
1750 0.006013199999870267 0.08154940000031274
2000 0.005760099999861268 0.11415809999971316
2500 0.00959740000007514 0.19711969999980283
3000 0.009877800000140269 0.3064673999997467
3500 0.01588259999971342 0.4285229000001891
4000 0.019828100000268023 0.6743831999997383
5000 0.023808800000097108 1.1250449999997727
10000 0.04352299999982279 6.417101800000182
10 0.07087060000003476 0.0004543000000012398
20 4.690000014306861e-05 0.00026260000004185713
30 5.059999966761097e-05 8.190000016838894e-05
40 6.119999989095959e-05 0.0002245000000584696
50 7.18000001143082e-05 0.0001428999999006919
60 8.300000035887933e-05 0.00021019999985583127
70 0.0001391999999214022 0.00013540000009015785
80 0.00014940000028218492 0.00013850000004822505
90 0.00016249999998763087 0.00016800000003058813
100 0.00018270000009579235 0.00017219999972439837
150 0.00023329999976340332 0.00030990000004749163
200 0.00035620000016933773 0.00043929999992542434
250 0.0005652999998346786 0.0006573999999091029
300 0.0007282000001396227 0.0008431999999629625
350 0.0008852000000842963 0.001091300000098272
400 0.0007747999998173327 0.0024505000001227017
450 0.0016451000001325156 0.0036460999999690102
500 0.0012818000000152097 0.00259970000024623
750 0.001924300000155199 0.010461899999882007
800 0.002715900000112015 0.013197400000080961
900 0.003453500000432541 0.015298499999971682
1000 0.004215700000258948 0.022339999999985594
1250 0.0050215000001117005 0.053465999999843916
1500 0.00571780000018407 0.06610499999987951
1750 0.00662449999981618 0.083855400000175
2000 0.005911799999921641 0.11445790000016132
2500 0.010425299999951676 0.19248760000027687
3000 0.011785300000155985 0.30147539999961737
3500 0.013151099999959115 0.466526199999862
4000 0.019002699999873585 0.7002929000000222
5000 0.023946300000261544 1.1327050999998391
10000 0.04210669999974925 6.7469505000003664
10 0.06650519999993776 0.00045860000000175205
20 0.0003117999999631138 9.110000019063591e-05
30 5.0299999656999717e-05 0.0003175000001647277
40 0.0001063999998223153 0.00017449999995733378
50 7.780000032653334e-05 0.00017849999994723476
60 8.53000001370674e-05 0.000178799999957846
70 0.00014409999994313694 0.00016839999989315402
80 0.00021710000009989017 0.00011439999980211724
90 0.00018809999983204762 0.00016380000033677788
100 0.00018000000000029104 0.00017249999973500962
150 0.00029190000032031094 0.0003034999999727006
200 0.0003094999997301784 0.00035180000031687086
250 0.00040499999977328116 0.0004729000002043904
300 0.0004623999998329964 0.0006206000002748624
350 0.0005571000001509674 0.0008843000000524626
400 0.0007560999997622275 0.0017814000002545072
450 0.0014059000000088417 0.002645999999913329
500 0.0011988000001110777 0.003479699999843433
750 0.0019244999998591084 0.009966199999780656
800 0.0028566000000864733 0.015493400000195834
900 0.0030452999999397434 0.01418310000008205
1000 0.00346350000017992 0.02260870000009163
1250 0.004515699999956269 0.03936680000015258
1500 0.004668500000207132 0.05538159999969139
1750 0.0069526000002042565 0.07790290000002642
2000 0.007207100000414357 0.128558499999599
2500 0.011753000000226166 0.21524009999984628
3000 0.010782999999719323 0.31821750000017346
3500 0.015100399999937508 0.4603419000000031
4000 0.019809100000202307 0.6549543999999514
5000 0.02448739999999816 1.1145921999996062
10000 0.04022579999991649 6.5538141000001815
10 0.06514040000001842 0.00012310000010984368
20 7.619999996677507e-05 0.0002758999999059597
30 5.520000013348181e-05 0.00024819999998726416
40 0.00022119999994174577 8.750000006330083e-05
50 7.689999983995222e-05 0.000252700000146433
60 8.850000040183659e-05 0.0002646999996613886
70 0.00019939999992857338 0.0001837999998315354
80 0.00013159999980416615 0.000373300000319432
90 0.0002106000001731445 0.0006803999999647203
100 0.0003013999998984218 0.00018490000002202578
150 0.0002712000000428816 0.0003403999999136431
200 0.0003463000002739136 0.00042630000007193303
250 0.0005128000002514455 0.000505199999679462
300 0.0004702999999608437 0.0006354000001920213
350 0.0005592000002252462 0.0008504999996148399
400 0.0007161000003179652 0.0019097999997939041
450 0.0009706000000733184 0.00248909999982061
500 0.001323599999977887 0.0030846999998175306
750 0.0020133999996687635 0.008346700000402052
800 0.002220899999883841 0.011062500000207365
900 0.003312499999992724 0.014170699999795033
1000 0.003205200000138575 0.022790900000018155
1250 0.0051899000000048545 0.04201990000001388
1500 0.005503200000021025 0.05700750000005428
1750 0.00645829999984926 0.07910880000008547
2000 0.0076865999999427 0.11106830000016998
2500 0.009325999999873602 0.20459290000007968
3000 0.012506000000030326 0.3319959000000381
3500 0.01648539999996501 0.4476994999999988
4000 0.015720599999895057 0.6131095999999161
5000 0.022407599999951344 1.1443639999997686
10000 0.04263799999989715 6.712154699999701
10 0.06419820000019172 0.00023249999958352419
20 8.340000022144523e-05 9.520000003249152e-05
30 7.240000013553072e-05 0.00023190000001704902
40 0.0001594999998815183 8.370000023205648e-05
50 0.00012409999999363208 0.0001243000001522887
60 8.849999994708924e-05 9.929999987434712e-05
70 0.00017710000020088046 0.00010549999979048152
80 0.00016229999982897425 0.00014480000027106144
90 0.00017220000017914572 0.00016649999997753184
100 0.0001874999998108251 0.0002258000004076166
150 0.00025419999974474194 0.00032940000028247596
200 0.0003431000000091444 0.00038330000006681075
250 0.0003826000001936336 0.0004899999998997373
300 0.0004672000000027765 0.0006220000000212167
350 0.0006638000004386413 0.0009181999998872925
400 0.0007856999995965452 0.001608700000360841
450 0.0008593000002292683 0.0030603999998675135
500 0.0014946000001145876 0.0038764000000810483
750 0.002215999999862106 0.009767099999862694
800 0.002298299999893061 0.008643099999972037
900 0.0035781999999926484 0.013618399999813846
1000 0.0034845999998651678 0.019965699999829667
1250 0.00443009999980859 0.04241460000002917
1500 0.004709900000307243 0.05564460000005056
1750 0.005576000000019121 0.0789305999996941
2000 0.0064443999999639345 0.1125662999997985
2500 0.008897400000023481 0.19793769999978394
3000 0.013070900000002439 0.30995160000020405
3500 0.0151479000001018 0.4322101000002476
4000 0.017180800000005547 0.6371123999997508
5000 0.02527299999974275 1.1397697000002154
10000 0.04822000000012849 6.7325480999998035
10 0.0674074000003202 0.00010789999987537158
20 4.099999978279811e-05 5.909999981668079e-05
30 5.000000010113581e-05 0.00024910000001909793
40 6.83999996908824e-05 0.0001758000003064808
50 7.619999996677507e-05 0.0002878999998756626
60 0.00012099999958081753 0.0002750000003288733
70 0.0001886000000013155 0.00013699999999516876
80 0.00015200000007098424 0.00013910000006944756
90 0.00016649999997753184 0.00015560000019831932
100 0.00017390000039085862 0.00017159999970317585
150 0.00023349999992205994 0.0003195999997842591
200 0.0003412999999454769 0.00036940000018148567
250 0.00038629999971817597 0.000494899999921472
300 0.0005510000000867876 0.001063800000338233
350 0.0005876999998690735 0.0009463000001233013
400 0.000942399999985355 0.0021415999999589985
450 0.001404600000114442 0.003343200000017532
500 0.001163899999937712 0.003775099999984377
750 0.0026582000000416883 0.012875400000211812
800 0.0029525999998440966 0.012206500000047527
900 0.002854700000170851 0.014290199999777542
1000 0.0030302000000119733 0.021410099999684462
1250 0.003411799999867071 0.04148699999996097
1500 0.00477550000005067 0.059363500000017666
1750 0.006302300000243122 0.0835495000001174
2000 0.006010899999637331 0.1112901999999849
2500 0.009442500000204745 0.20054789999994682
3000 0.012476500000047963 0.3304508999999598
3500 0.01827480000019932 0.47085809999998673
4000 0.019369300000107614 0.6630042000001595
5000 0.024241300000085175 1.136015000000043
10000 0.04729449999967983 6.806112100000064
10 0.06456290000005538 0.00010569999994913815
20 3.890000016326667e-05 5.7899999774235766e-05
30 4.530000023805769e-05 0.0003646999998636602
40 6.320000011328375e-05 0.00023529999998572748
50 7.420000019919826e-05 0.00016529999993508682
60 8.849999994708924e-05 0.0002345000002605957
70 0.00014319999991130317 0.00013520000038624858
80 0.00015209999992293888 0.00013799999987895717
90 0.00023809999993318343 0.0002463999999235966
100 0.00015399999983856105 0.0002913000002990884
150 0.00024179999991247314 0.00031110000008993666
200 0.0003363000000717875 0.0003530000003593159
250 0.0003934000001208915 0.0004548000001705077
300 0.0004752999998345331 0.0006177000000207045
350 0.0005516999999599648 0.0008947999999691092
400 0.000721999999768741 0.0016335999998773332
450 0.0009196000000883942 0.002266699999836419
500 0.0012993000000278698 0.0027071999998042884
750 0.0020037999997839506 0.007290100000318489
800 0.0023191999998743995 0.010352700000112236
900 0.0031499000001531385 0.010674499999822729
1000 0.004155300000093121 0.022969199999806733
1250 0.003460899999936373 0.033021000000189815
1500 0.004798299999947631 0.054310200000145414
1750 0.004927800000132265 0.07844889999978477
2000 0.006159799999750248 0.11020200000029945
2500 0.009723900000153662 0.2052688999997372
3000 0.013170500000342145 0.31674999999995634
3500 0.014651599999979226 0.4956419000000096
4000 0.026172200000019075 0.6962376999999833
5000 0.02430770000000848 1.154468999999608
10000 0.0432303999996293 6.761723900000106
10 0.06363270000019838 0.00031420000004800386
20 4.330000001573353e-05 0.0001449999999749707
30 4.859999990003416e-05 0.00013339999986783369
40 0.00010650000012901728 9.299999965151073e-05
50 7.170000026235357e-05 0.00013629999966724426
60 8.330000036949059e-05 0.00017179999986183248
70 0.00014419999979509157 0.00013269999999465654
80 0.00018779999982143636 0.00019880000036209822
90 0.00024919999987105257 0.00029720000020461157
100 0.00021180000021558953 0.00023349999992205994
150 0.00024029999985941686 0.000356500000179949
200 0.00048449999985678005 0.00043500000037965947
250 0.00042960000018865685 0.0007110999999895284
300 0.0006220999998731713 0.0007618000004185888
350 0.0005945000002611778 0.0008555999997952313
400 0.00075669999978345 0.0019334000003254914
450 0.0009075000002667366 0.0030130000000099244
500 0.0013091000000713393 0.0030088999997133214
750 0.002371000000039203 0.008513399999628746
800 0.00226459999976214 0.010617800000090938
900 0.0027696000001924403 0.013845899999978428
1000 0.0034000999999079795 0.0180702000002384
1250 0.0032621000000290223 0.03633949999994002
1500 0.005260800000087329 0.05015629999979865
1750 0.005798799999865878 0.07261470000003101
2000 0.006168399999751273 0.10594720000017332
2500 0.00823969999964902 0.18557400000008784
3000 0.010587199999918084 0.2948884000002181
3500 0.01379289999977118 0.4349160000001575
4000 0.015954899999996996 0.62683990000005
5000 0.023376099999950384 1.0810600999998314
10000 0.0375344999997651 7.331354400000237
