10 0.07503049999968425 0.0002502000002095883
20 0.0005919999998695857 0.0002585000002000015
30 0.0006733000000167522 0.00013910000006944756
40 0.0005552000002353452 9.490000002188026e-05
50 0.0004162999998698069 8.860000025379122e-05
60 0.0005043000001023756 0.00011979999999311985
70 0.0006112999999459134 0.0001312000003963476
80 0.0005322000001797278 9.669999963080045e-05
90 0.0005608999999822117 0.00014860000010230578
100 0.000811500000054366 0.0001397999999426247
150 0.0007256000003508234 0.00012179999976069666
200 0.0008081999999376421 0.00012719999995169928
250 0.0010356000002502697 0.0001521999997748935
300 0.0013483999996424245 0.0001578999999765074
350 0.0016685999999026535 0.00016860000005181064
400 0.0023716000000604254 0.00020319999975981773
450 0.0027296000002934306 0.0002193000000261236
500 0.0030041999998502433 0.0002733000001171604
750 0.009272100000089267 0.00043740000000980217
800 0.008564100000057806 0.00042690000009315554
900 0.009135700000115321 0.00047979999999370193
1000 0.011185800000021118 0.00045140000020182924
1250 0.016765200000008917 0.0006283000002440531
1500 0.022873600000366423 0.0005291999996188679
1750 0.030049899999994523 0.0006693000000268512
2000 0.039933900000050926 0.001049699999839504
2500 0.057323799999721814 0.0009845000004133908
3000 0.08283879999999044 0.0009969000002456596
3500 0.11104740000018865 0.0011653000001388136
4000 0.14407560000017838 0.0014095000001361768
5000 0.223258700000315 0.002154499999960535
10000 0.8616539999998167 0.003635900000062975
10 0.00028699999984382885 0.0005989000001136446
20 0.00021699999979318818 0.00021860000015294645
30 0.00030099999958110857 7.300000015675323e-05
40 0.00033810000013545505 0.00011110000014014076
50 0.00038600000016231206 8.290000005217735e-05
60 0.0003498000000945467 7.80000000304426e-05
70 0.0005006000001230859 0.00012770000012096716
80 0.00041079999982684967 8.789999992586672e-05
90 0.00042180000036751153 8.719999959794222e-05
100 0.00043940000023212633 0.00014379999993252568
150 0.0006032999999661115 9.820000013860408e-05
200 0.0007288000001608452 0.00010659999998097192
250 0.0009578000003784837 0.00012419999984558672
300 0.0011955999998463085 0.00013020000005781185
350 0.0016445999999632477 0.00016379999988203053
400 0.0021725000001424633 0.00017059999981938745
450 0.0024516999997103994 0.0001726000000417116
500 0.0027251999999862164 0.0002808000003824418
750 0.006805099999837694 0.00030479999986710027
800 0.0069514000001618115 0.0002826999998433166
900 0.008655699999962962 0.00031979999994291575
1000 0.01024429999961285 0.00043940000023212633
1250 0.015860399999837682 0.0003971000001001812
1500 0.02030079999985901 0.0004683000001932669
1750 0.029515899999751127 0.0005381000000852509
2000 0.03718699999990349 0.0006426999998438987
2500 0.05817059999981211 0.0007630000000062864
3000 0.08159630000000107 0.0008487000000059197
3500 0.11172570000007909 0.0010938999998870713
4000 0.14124880000008488 0.0010790000001179578
5000 0.21377860000029614 0.0020719999997709238
10000 0.8157526999998481 0.002850299999863637
10 0.00024699999994481914 0.0003470999999990454
20 0.00019740000016099657 0.0002015999998548068
30 0.0002112999995915743 0.000194400000054884
40 0.0002588000002106128 0.00019500000007610652
50 0.0006347999997160514 9.640000007493654e-05
60 0.00038199999971766374 7.580000010420918e-05
70 0.0004558000000542961 0.00014659999987998162
80 0.00041119999968941556 7.980000009411015e-05
90 0.000549499999578984 0.00012340000012045493
100 0.0006121999999777472 8.909999996831175e-05
150 0.0006157000002531277 0.00016839999989315402
200 0.001004199999897537 0.00024500000017724233
250 0.0009565999998812913 0.00016460000006190967
300 0.0011419999996178376 0.00012689999994108803
350 0.001657999999679305 0.0002647000001161359
400 0.002242799999748968 0.00015320000011342927
450 0.0026235000000269793 0.00018360000012762612
500 0.002631500000006781 0.0001754999998411222
750 0.005715199999940523 0.0003440000000409782
800 0.006776599999739119 0.000263100000211125
900 0.008400100000017119 0.0003783000001931214
1000 0.00964700000031371 0.00036229999977877014
1250 0.01512959999990926 0.00038500000027852366
1500 0.022256499999912194 0.0004441999999471591
1750 0.026708200000030047 0.0005215000001044245
2000 0.03468560000010257 0.0005688999999620137
2500 0.05288079999991169 0.0006794000000809319
3000 0.08265119999987292 0.0008060999998633633
3500 0.11973639999996522 0.0010053000000880274
4000 0.13560959999995248 0.0011263000001235923
5000 0.2052312000000711 0.001263300000118761
10000 0.8146764000002804 0.003534500000114349
10 0.00048770000012154924 0.0007781999997860112
20 0.0005051000002822548 8.63000000208558e-05
30 0.00033340000027237693 7.97999996393628e-05
40 0.0004320999996707542 8.550000029572402e-05
50 0.0003503000002638146 7.569999979750719e-05
60 0.0003548999998201907 7.779999987178599e-05
70 0.0003457000002526911 7.909999976618565e-05
80 0.00035780000007434865 0.00010729999985414906
90 0.0004349999999249121 8.219999972425285e-05
100 0.0005451000001812645 8.04999999672873e-05
150 0.0005105999998704647 9.060000002136803e-05
200 0.0008136999999805994 9.869999985312461e-05
250 0.0010305000000698783 0.00013269999999465654
300 0.001135099999828526 0.00012340000012045493
350 0.0013976000000184285 0.00013070000022707973
400 0.0023549000002276443 0.00019069999962084694
450 0.0027618999997685023 0.00017610000031709205
500 0.00281509999967966 0.00018050000016955892
750 0.006739200000083656 0.0002668000001904147
800 0.007413700000142853 0.00028429999974832754
900 0.00858139999991181 0.0002927000000454427
1000 0.009827599999880476 0.0004162999998698069
1250 0.013705899999877147 0.00037599999996018596
1500 0.01962679999996908 0.0004498000002968183
1750 0.027320700000018405 0.0006754999999429856
2000 0.03354899999976624 0.0007762000000184344
2500 0.053452699999979814 0.0006805000002714223
3000 0.07823499999994965 0.0007912999999462045
3500 0.1070969000002151 0.0009086000000024796
4000 0.1356980000000476 0.0017570999998497427
5000 0.21190470000010464 0.0012762000001202978
10000 0.8499893999996857 0.0033167000001412816
10 0.0002505000002201996 0.00020279999989725184
20 0.00020040000026710914 0.0001689000000624219
30 0.00019739999970624922 0.0002625000001899025
40 0.0003123999999843363 0.00026530000013735844
50 0.00035530000013750396 7.249999998748535e-05
60 0.00041720000035638805 7.549999963885057e-05
70 0.0003868000003421912 7.679999998799758e-05
80 0.00042869999970207573 7.610000011482043e-05
90 0.00036269999964133603 7.890000006227638e-05
100 0.000431500000104279 7.830000004105386e-05
150 0.0005009999999856518 0.00017560000014782418
200 0.0008020999998734624 0.00010010000005422626
250 0.0009030999999595224 0.00011159999985466129
300 0.0013222000002315326 0.00012199999991935329
350 0.001578200000039942 0.0001295000001846347
400 0.0020801999999093823 0.000146500000028027
450 0.002486299999873154 0.0001596000001882203
500 0.0030055000001993903 0.0001760999998623447
750 0.006852099999832717 0.00033389999998689746
800 0.006922000000031403 0.0002689000002646935
900 0.008889100000033068 0.0003169999999954598
1000 0.013874999999643478 0.0005600000004051253
1250 0.01819809999960853 0.0004243000003043562
1500 0.023483399999804533 0.0007721000001765788
1750 0.030019600000287028 0.000555999999960477
2000 0.03917410000030941 0.0006706999997732055
2500 0.05933210000011968 0.0007467999998880259
3000 0.08192749999989246 0.0008268000001407927
3500 0.11231920000000173 0.0010373999998591898
4000 0.14213089999975637 0.0011021999998774845
5000 0.22230530000024373 0.001895899999908579
10000 0.8794017000000167 0.00354639999977735
10 0.00031399999988934724 0.0005418000000645407
20 0.00021779999997306732 0.00017690000004222384
30 0.0003007999998771993 7.300000015675323e-05
40 0.0002934999997705745 7.340000001931912e-05
50 0.00043409999989307835 7.330000016736449e-05
60 0.00034120000009352225 7.749999986117473e-05
70 0.0003455000000940345 7.779999987178599e-05
80 0.0003609999998843705 8.160000015777769e-05
90 0.0005404999997153936 9.36000001274806e-05
100 0.0005049999999755528 9.440000030735973e-05
150 0.0005710999998882471 9.950000003300374e-05
200 0.0007053999997879146 0.0001343000003544148
250 0.0010541999999986729 0.00012699999979304266
300 0.0014100000003054447 0.0001314999999522115
350 0.0014600999998037878 0.00013799999987895717
400 0.0020853000000897737 0.00016520000008313218
450 0.0023020999997243052 0.00017049999996743281
500 0.0028268999999454536 0.00017960000013772515
750 0.0065752999998949235 0.0002764000000752276
800 0.007510500000080356 0.0002834000001712411
900 0.010860100000172679 0.000313699999878736
1000 0.011257199999818113 0.0004426999998941028
1250 0.016255399999863585 0.00047850000009930227
1500 0.022572399999717163 0.0005522000001292326
1750 0.030682900000101654 0.0006219000001692621
2000 0.0406818999999814 0.0006472999998550222
2500 0.05832269999973505 0.000739999999950669
3000 0.08442999999988388 0.001324800000020332
3500 0.1081453000001602 0.0011595999999371998
4000 0.14471830000002228 0.0010962999999719614
5000 0.23012789999984307 0.0013079000000288943
10000 0.8674415999998928 0.003868100000090635
10 0.00046440000005532056 0.0008230000003095483
20 0.0002445999998599291 0.00036930000032953103
30 0.00041479999981675064 9.930000032909447e-05
40 0.0005000000001018634 0.00016180000011445372
50 0.0004982999998901505 0.00013369999987844494
60 0.0005750000000261934 0.00011050000011891825
70 0.0006444000000556116 0.00013199999966673204
80 0.0006655000001956068 0.00012269999979253043
90 0.0006084000001465029 0.00013779999972030055
100 0.0006012999997437873 0.00011670000003505265
150 0.0013260999999147316 0.00020570000015140977
200 0.0011176000002706132 0.0002017000001615088
250 0.0016135999999278283 0.00014379999993252568
300 0.001843999999891821 0.00022499999977299012
350 0.002308999999968364 0.00017810000008466886
400 0.0032286000000567583 0.0003507000001263805
450 0.0038833000003251072 0.000303299999814044
500 0.003509699999995064 0.0002210000002378365
750 0.00745679999999993 0.00034679999998843414
800 0.010023599999840371 0.0005947999998170417
900 0.013135799999872688 0.00031320000016421545
1000 0.010758599999917351 0.0005241999997451785
1250 0.01567430000022796 0.00039259999994101236
1500 0.02204780000010942 0.0006116999998084793
1750 0.029670500000065658 0.0005578999998760992
2000 0.03683470000032685 0.0005956999998488754
2500 0.05629950000002282 0.000787899999977526
3000 0.0856007999996109 0.0009291000001212524
3500 0.14398019999998724 0.001315200000135519
4000 0.15943130000005112 0.0011077999997723964
5000 0.2514200000000528 0.0023522999999840977
10000 0.8946061000001464 0.0033874000000650994
10 0.0007913000004009518 0.00037999999995008693
20 0.00032749999991210643 0.00013269999999465654
30 0.00030939999987822375 7.950000008349889e-05
40 0.00039530000003651367 0.00014790000022912864
50 0.0004954999999426946 8.780000007391209e-05
60 0.0004409000002851826 0.0001401999998051906
70 0.000537700000222685 0.0001225999999405758
80 0.00042659999962779693 8.550000029572402e-05
90 0.0004268000002412009 8.699999989403295e-05
100 0.0006280000002334418 0.00014899999996487168
150 0.0008509999997841078 0.00012670000023717876
200 0.0010581999999885738 0.00012079999987690826
250 0.001021500000206288 0.00015819999998711864
300 0.0012439000001904787 0.00015239999993355013
350 0.001709600000140199 0.00016030000006139744
400 0.0019664000001284876 0.00016550000009374344
450 0.0025120000000242726 0.00020229999972798396
500 0.002767800000128773 0.0001870999999482592
750 0.005889699999897857 0.0002650000001267472
800 0.007150600000386476 0.00028529999963211594
900 0.008051799999975628 0.0003052000001844135
1000 0.012466000000131316 0.0006571999997504463
1250 0.014710399999785295 0.00039910000032250537
1500 0.02156940000031682 0.0004742999999507447
1750 0.029406500000277447 0.0005679999999301799
2000 0.03852480000023206 0.0005877999997210281
2500 0.06054610000001048 0.000787899999977526
3000 0.08773919999975988 0.0014356000001498614
3500 0.11283689999982016 0.001004199999897537
4000 0.14380780000010418 0.0010810999997374893
5000 0.231126900000163 0.0013559999997596606
10000 0.90495540000029 0.0031516999997620587
10 0.0002620000000206346 0.0002082999999402091
20 0.0001884999996946135 0.00016649999997753184
30 0.00022500000022773747 0.00037079999992783996
40 0.000392800000099669 8.469999966109754e-05
50 0.00045470000031855307 8.86999996509985e-05
60 0.0004033000000163156 9.200000022246968e-05
70 0.00042579999990266515 9.790000012799283e-05
80 0.000610300000062125 9.76999999693362e-05
90 0.00045610000006490736 9.180000006381306e-05
100 0.0005246000000624917 9.139999974649982e-05
150 0.0006988000000092143 0.0003157999999530148
200 0.0015189000000646047 0.00022369999987859046
250 0.0015147999997680017 0.00015299999995477265
300 0.0017164999999295105 0.00014790000022912864
350 0.0015049999997245322 0.00014680000003863825
400 0.0019402000002628483 0.00016019999975469545
450 0.002316499999778898 0.0002054000001407985
500 0.004167099999904167 0.00026860000025408226
750 0.0069344999997156265 0.0002743000000009488
800 0.007669200000236742 0.0003312999997433508
900 0.0101329999997688 0.000404400000206806
1000 0.012217399999826739 0.00033799999982875306
1250 0.01625449999983175 0.0004073000000062166
1500 0.021696700000120472 0.000466599999981554
1750 0.02993659999992815 0.000545599999895785
2000 0.03917670000009821 0.0006570999998984917
2500 0.059477099999639904 0.0007282000001396227
3000 0.08317989999977726 0.0008664000001772365
3500 0.1102088000002368 0.0011524999999892316
4000 0.14288150000038513 0.0011123999997835199
5000 0.22644669999999678 0.0013934000003246183
10000 0.8840150999999423 0.0037440999999489577
