10 0.00013659999967785552 800
20 0.00024080000002868474 3200
30 0.00022570000010091462 7200
40 0.0005743000001530163 12800
50 0.00019780000002356246 20000
60 0.00013930000022810418 28800
70 0.0002571999998508545 39200
80 0.00028310000016062986 51200
90 0.00028500000007625204 64800
100 0.00022070000022722525 80000
150 0.0004761000000144122 180000
200 0.0005944999998064304 320000
250 0.0009064000000762462 500000
300 0.0011195999995834427 720000
350 0.0013054999999440042 980000
400 0.001526400000329886 1280000
450 0.002144499999758409 1620000
500 0.002590000000054715 2000000
750 0.006879699999899458 4500000
1000 0.01165209999999206 8000000
1500 0.03718990000015765 18000000
2000 0.08307469999999739 32000000
5000 1.018075200000112 200000000
10000 6.453702799999974 800000000
10 0.028495999999904598 800
20 0.0001596000001882203 3200
30 8.9399999978923e-05 7200
40 0.00013750000016443664 12800
50 0.00021860000015294645 20000
60 0.00019569999994928367 28800
70 0.00027719999980035936 39200
80 0.00028830000019297586 51200
90 0.00029540000014094403 64800
100 0.0002917000001616543 80000
150 0.0003907000000253902 180000
200 0.0006607999998777814 320000
250 0.0006729000001541863 500000
300 0.0008575000001656008 720000
350 0.0011032999996132276 980000
400 0.0013008999999328807 1280000
450 0.0018133999997189676 1620000
500 0.002453099999911501 2000000
750 0.006020599999828846 4500000
1000 0.011804100000063045 8000000
1500 0.03808149999986199 18000000
2000 0.08224689999997281 32000000
5000 0.9908810000001722 200000000
10000 6.441764400000011 800000000
10 0.027355900000202382 800
20 0.0002828000001500186 3200
30 0.00019000000020241714 7200
40 0.00028670000028796494 12800
50 0.0002088999999614316 20000
60 0.00023509999982707086 28800
70 0.00017799999977796688 39200
80 0.00026109999998880085 51200
90 0.00023750000036670826 64800
100 0.0003031000001101347 80000
150 0.00044579999985217 180000
200 0.0005802999999104941 320000
250 0.0008170000000973232 500000
300 0.0008932999999160529 720000
350 0.0010677999998733867 980000
400 0.0013344999997570994 1280000
450 0.001710699999875942 1620000
500 0.002378799999860348 2000000
750 0.006677200000012817 4500000
1000 0.011943599999995058 8000000
1500 0.04021099999999933 18000000
2000 0.08273830000007365 32000000
5000 0.9853904999999941 200000000
10000 6.521831900000052 800000000
10 0.02549929999986489 800
20 0.00022459999991042423 3200
30 0.00012349999997240957 7200
40 0.00019629999997050618 12800
50 0.00029640000002473244 20000
60 0.00021979999974064413 28800
70 0.0002589000000625674 39200
80 0.0002191999997194216 51200
90 0.0003316000002087094 64800
100 0.0003330999998070183 80000
150 0.00048449999985678005 180000
200 0.0008235000000240689 320000
250 0.0007286000000021886 500000
300 0.0008849999999256397 720000
350 0.0011952999998356972 980000
400 0.0013303999999152438 1280000
450 0.0017461000002185756 1620000
500 0.002702300000237301 2000000
750 0.006583200000022771 4500000
1000 0.013216000000284112 8000000
1500 0.03864750000002459 18000000
2000 0.08474729999988995 32000000
5000 0.9745601999998144 200000000
10000 6.53169489999982 800000000
10 0.028032100000018545 800
20 0.0001733999997668434 3200
30 0.00013500000022759195 7200
40 0.00015729999995528487 12800
50 0.0002896000000873755 20000
60 0.00020959999983460875 28800
70 0.000252599999839731 39200
80 0.00028720000000248547 51200
90 0.000509299999976065 64800
100 0.00032229999987976043 80000
150 0.0005271999998512911 180000
200 0.0006318999999166408 320000
250 0.0006628999999520602 500000
300 0.0010587000001578417 720000
350 0.0011876999997184612 980000
400 0.00136579999980313 1280000
450 0.0018049999998765998 1620000
500 0.0030782999997427396 2000000
750 0.007007299999713723 4500000
1000 0.013234300000021904 8000000
1500 0.039489899999807676 18000000
2000 0.08675059999995938 32000000
5000 1.0612427999999454 200000000
10000 6.554229499999565 800000000
10 0.025592500000129803 800
20 0.00024069999972198275 3200
30 9.760000011738157e-05 7200
40 0.00017340000022159074 12800
50 0.0002598000000944012 20000
60 0.0004669999998441199 28800
70 0.0002986999998029205 39200
80 0.00022550000039700535 51200
90 0.00035780000007434865 64800
100 0.0003440000000409782 80000
150 0.0003355000003466557 180000
200 0.00063510000018141 320000
250 0.0006965000002310262 500000
300 0.000926799999888317 720000
350 0.001210599999922124 980000
400 0.0013761000000158674 1280000
450 0.002040100000158418 1620000
500 0.0025128000002041517 2000000
750 0.007246000000122876 4500000
1000 0.012749999999869033 8000000
1500 0.038378499999907945 18000000
2000 0.08475810000027195 32000000
5000 0.9644752999997763 200000000
10000 6.533388400000149 800000000
10 0.028777099999842903 800
20 0.00011660000018309802 3200
30 5.4399999953602673e-05 7200
40 0.0003127999998469022 12800
50 0.0002762999997685256 20000
60 0.0002814999998008716 28800
70 0.00026650000017980346 39200
80 0.00030269999979282147 51200
90 0.00029379999978118576 64800
100 0.00028509999992820667 80000
150 0.00045629999976881663 180000
200 0.0005575000000135333 320000
250 0.000707800000327552 500000
300 0.0007982000001902634 720000
350 0.0010301000002073124 980000
400 0.0015472999998564774 1280000
450 0.0020155000001977896 1620000
500 0.0024078999999801454 2000000
750 0.007369800000105897 4500000
1000 0.011960799999997107 8000000
1500 0.0388557999999648 18000000
2000 0.08111539999981687 32000000
5000 0.9871901000001344 200000000
10000 6.45182799999975 800000000
10 0.027210500000364846 800
20 0.0002531000000089989 3200
30 9.210000007442432e-05 7200
40 0.00020709999989776406 12800
50 0.00024549999989176285 20000
60 0.00019089999977950356 28800
70 0.0002555999999458436 39200
80 0.0003228000000490283 51200
90 0.00024089999988063937 64800
100 0.0003612000000430271 80000
150 0.00048620000006849295 180000
200 0.0006777000003239664 320000
250 0.0006542999999510357 500000
300 0.0009109000002354151 720000
350 0.0011561999999685213 980000
400 0.001313199999913195 1280000
450 0.0016636000000289641 1620000
500 0.0023728000001028704 2000000
750 0.007607800000187126 4500000
1000 0.01239320000013322 8000000
1500 0.039426900000307796 18000000
2000 0.08384569999998348 32000000
5000 0.9784230000000207 200000000
10000 6.533998399999746 800000000
10 0.02949910000006639 800
20 0.00025439999990339857 3200
30 0.00011410000024625333 7200
40 0.00022650000028079376 12800
50 0.00032570000030318624 20000
60 0.00023849999979574932 28800
70 0.00024799999982860754 39200
80 0.0002607999999781896 51200
90 0.0002494999998816638 64800
100 0.00027399999999033753 80000
150 0.00040379999973083613 180000
200 0.0007186000002548099 320000
250 0.0007647000002179993 500000
300 0.0010466000003361842 720000
350 0.0013954999999441497 980000
400 0.0014404999997168488 1280000
450 0.002227400000265334 1620000
500 0.0027217000001655833 2000000
750 0.007474000000001979 4500000
1000 0.011942800000269926 8000000
1500 0.03949560000000929 18000000
2000 0.08312439999963317 32000000
5000 0.9614467999999761 200000000
10000 6.482722600000216 800000000
