10 0.00010449999990669312 600
20 0.00012490000017351122 2400
30 0.00028439999960028217 5400
40 0.00033219999977518455 9600
50 0.000278600000001461 15000
60 0.0002733000001171604 21600
70 0.0002546000000620552 29400
80 0.0003857000001517008 38400
90 0.0002743999998529034 48600
100 0.00040089999993142555 60000
150 0.0004696999999396212 135000
200 0.0007320999998228217 240000
250 0.0008616000000074564 375000
300 0.0012928000001011242 540000
350 0.0017753000001903274 735000
400 0.002020799999627343 960000
450 0.002587999999832391 1215000
500 0.003630800000337331 1500000
750 0.008583700000144745 3375000
1000 0.016299899999921763 6000000
1500 0.044815700000071956 13500000
2000 0.09103929999992033 24000000
5000 1.0175540999998702 150000000
10000 6.362203600000157 600000000
10 0.028448699999898963 600
20 0.00022269999999480206 2400
30 0.00020970000014131074 5400
40 0.00021229999993011006 9600
50 0.0002007000002777204 15000
60 0.0002110000000357104 21600
70 0.0002469000000928645 29400
80 0.00033090000033553224 38400
90 0.00030070000002524466 48600
100 0.00032079999982670415 60000
150 0.0007354000003942929 135000
200 0.0008638999997856445 240000
250 0.0009125999999923806 375000
300 0.0012632999996640137 540000
350 0.001480500000070606 735000
400 0.0018887999999606109 960000
450 0.0024108000002343033 1215000
500 0.003355599999849801 1500000
750 0.007480599999780679 3375000
1000 0.015718999999990046 6000000
1500 0.044962999999825115 13500000
2000 0.09078709999994317 24000000
5000 0.9896242999998321 150000000
10000 6.384697999999844 600000000
10 0.029150599999866245 600
20 0.0002629000000524684 2400
30 0.0002297000000908156 5400
40 0.0003065999999307678 9600
50 0.0002081999996335071 15000
60 0.00022119999994174577 21600
70 0.00026059999981953297 29400
80 0.00026280000020051375 38400
90 0.0003278999997746723 48600
100 0.00033759999996618717 60000
150 0.0004057999999531603 135000
200 0.0007470000000466825 240000
250 0.0011915000000044529 375000
300 0.0011844999999084393 540000
350 0.0013764999998784333 735000
400 0.0018979999999828578 960000
450 0.002297100000305363 1215000
500 0.0029692999996768776 1500000
750 0.007696099999975559 3375000
1000 0.015049199999793927 6000000
1500 0.04351390000010724 13500000
2000 0.09182109999983368 24000000
5000 0.9999668999998903 150000000
10000 6.382000399999924 600000000
10 0.02469780000001265 600
20 0.0002555999999458436 2400
30 0.00029760000006717746 5400
40 0.00021470000001500011 9600
50 0.0002632999999150343 15000
60 0.00019379999957891414 21600
70 0.00023199999986900366 29400
80 0.00047540000014123507 38400
90 0.00026269999989381176 48600
100 0.00026530000013735844 60000
150 0.0004652000002351997 135000
200 0.0006786000003558001 240000
250 0.0009091000001717475 375000
300 0.001137499999913416 540000
350 0.00159380000013698 735000
400 0.0018574999999145803 960000
450 0.002564200000051642 1215000
500 0.003527099999701022 1500000
750 0.00864529999989827 3375000
1000 0.015464600000086648 6000000
1500 0.0431800999999723 13500000
2000 0.09022150000009788 24000000
5000 1.020257700000002 150000000
10000 6.310409000000163 600000000
10 0.023399200000312703 600
20 0.0001809000000321248 2400
30 0.0001314999999522115 5400
40 0.0002503999999134976 9600
50 0.00022630000012213713 15000
60 0.0002279999998791027 21600
70 0.0002613999999994121 29400
80 0.00028859999974883976 38400
90 0.000299299999824143 48600
100 0.00036789999967368203 60000
150 0.0004847999998673913 135000
200 0.0008227999996961444 240000
250 0.000952800000050047 375000
300 0.0017681000003904046 540000
350 0.001390700000229117 735000
400 0.0019006000002264045 960000
450 0.002472300000135874 1215000
500 0.003060699999878125 1500000
750 0.008037900000090303 3375000
1000 0.015264599999682105 6000000
1500 0.043461999999635736 13500000
2000 0.08673469999985173 24000000
5000 1.0211318000001484 150000000
10000 6.595020199999908 600000000
10 0.031052199999976438 600
20 0.0003477000000202679 2400
30 0.0002691999998205574 5400
40 0.00038380000023607863 9600
50 0.0002214000001004024 15000
60 0.00020979999999326537 21600
70 0.00033639999992374214 29400
80 0.00021229999993011006 38400
90 0.0002715999999054475 48600
100 0.00038650000033157994 60000
150 0.00041030000011232914 135000
200 0.0008022000001801644 240000
250 0.0009546999999656691 375000
300 0.0013429999999061693 540000
350 0.0016977000000224507 735000
400 0.0020497999998951855 960000
450 0.0027164000002812827 1215000
500 0.0038468000002467306 1500000
750 0.008792999999968742 3375000
1000 0.01702919999979713 6000000
1500 0.04729189999989103 13500000
2000 0.09498480000002019 24000000
5000 1.0159098000003723 150000000
10000 6.359619299999849 600000000
10 0.028301899999860325 600
20 0.00023620000001756125 2400
30 0.00026170000001002336 5400
40 0.00026209999987258925 9600
50 0.00020769999991898658 15000
60 0.00023279999959413544 21600
70 0.00025959999993574456 29400
80 0.0002505000002201996 38400
90 0.00031420000004800386 48600
100 0.00032969999983833986 60000
150 0.0004055000003972964 135000
200 0.000801099999989674 240000
250 0.0009629000001041277 375000
300 0.0014391000004252419 540000
350 0.001487700000325276 735000
400 0.0019234000001233653 960000
450 0.002454800000123214 1215000
500 0.0031126999997468374 1500000
750 0.008090499999980238 3375000
1000 0.015340699999796925 6000000
1500 0.042741299999761395 13500000
2000 0.08510879999994359 24000000
5000 1.009074099999907 150000000
10000 6.328485900000032 600000000
10 0.024256400000012945 600
20 0.0002832000000125845 2400
30 0.0003762000001188426 5400
40 0.00023300000020753941 9600
50 0.00019199999996999395 15000
60 0.00021319999996194383 21600
70 0.0002335000003768073 29400
80 0.00027090000003227033 38400
90 0.000304499999856489 48600
100 0.0002957000001515553 60000
150 0.0004310000003897585 135000
200 0.0007126000000425847 240000
250 0.0008984999999483989 375000
300 0.001196199999867531 540000
350 0.0016413999996984785 735000
400 0.0018592000001262932 960000
450 0.0024140999998962798 1215000
500 0.003121800000371877 1500000
750 0.00801450000017212 3375000
1000 0.015642700000171317 6000000
1500 0.044177400000080524 13500000
2000 0.08658100000002378 24000000
5000 1.0157196999998632 150000000
10000 6.332818099999713 600000000
10 0.023897000000033586 600
20 0.00024489999987054034 2400
30 0.00016279999999824213 5400
40 0.0002434000002722314 9600
50 0.00021739999965575407 15000
60 0.0002051999999821419 21600
70 0.0002492000003257999 29400
80 0.00022070000022722525 38400
90 0.0002660000000105356 48600
100 0.0002549999999246211 60000
150 0.0005005000002711313 135000
200 0.0007577999999739404 240000
250 0.0009635000001253502 375000
300 0.001310299999659037 540000
350 0.0015185000002020388 735000
400 0.0018650000001798617 960000
450 0.0027140000001963926 1215000
500 0.003115800000159652 1500000
750 0.007567000000108237 3375000
1000 0.014625799999976152 6000000
1500 0.04380249999985608 13500000
2000 0.09457620000011957 24000000
5000 1.0056558000001132 150000000
10000 6.34869499999968 600000000
