10 0.0002592999999251333 1600
20 0.00028150000025561894 6400
30 9.67000000855478e-05 14400
40 0.00019290000000182772 25600
50 0.0002399999998488056 40000
60 0.0001656999997976527 57600
70 0.00030950000018492574 78400
80 0.0003517999998621235 102400
90 0.0002782000001388951 129600
100 0.00040669999998499407 160000
150 0.0004970000004504982 360000
200 0.0007311999997909879 640000
250 0.0009958000000551692 1000000
300 0.0014728999999533698 1440000
350 0.002237199999854056 1960000
400 0.003037799999674462 2560000
450 0.003967300000113028 3240000
500 0.0043280999998387415 4000000
750 0.012298399999963294 9000000
1000 0.02521820000038133 16000000
1500 0.0798600000002807 36000000
2000 0.15934440000000905 64000000
5000 2.0699878000000353 400000000
10000 14.13312920000044 1600000000
10 0.06754039999987071 1600
20 0.00023700000019744039 6400
30 0.00019859999974869424 14400
40 0.00014519999967887998 25600
50 0.00021180000021558953 40000
60 0.00022679999983665766 57600
70 0.0002260999999634805 78400
80 0.0003139000000373926 102400
90 0.0002372999997533043 129600
100 0.00031519999993179226 160000
150 0.0004739000000881788 360000
200 0.0006464000002779358 640000
250 0.0010302999999112217 1000000
300 0.0013432000000648259 1440000
350 0.0015463999998246436 1960000
400 0.002768899999864516 2560000
450 0.003482999999960157 3240000
500 0.004261800000222138 4000000
750 0.012207499999931315 9000000
1000 0.025148999999601074 16000000
1500 0.07592169999998077 36000000
2000 0.16578320000007807 64000000
5000 1.9701451999999335 400000000
10000 13.853402600000209 1600000000
10 0.05568439999979091 1600
20 0.0001619000004211557 6400
30 0.00016820000018924475 14400
40 0.00015530000018770806 25600
50 0.0003311000000394415 40000
60 0.0001741000000947679 57600
70 0.00024980000034702243 78400
80 0.0003341000001455541 102400
90 0.00036570000020219595 129600
100 0.0003553999999894586 160000
150 0.000492600000143284 360000
200 0.0013651999997819075 640000
250 0.0010305000000698783 1000000
300 0.0014227000001483248 1440000
350 0.0019017999998141022 1960000
400 0.003146399999877758 2560000
450 0.0037767999997413426 3240000
500 0.0043823999999403895 4000000
750 0.012445200000001932 9000000
1000 0.023703199999999924 16000000
1500 0.07610990000011952 36000000
2000 0.16801100000020597 64000000
5000 2.0039889999998195 400000000
10000 13.844814800000222 1600000000
10 0.05148539999981949 1600
20 0.0001625999998395855 6400
30 0.00012490000017351122 14400
40 0.00023229999987961492 25600
50 0.00014490000012301607 40000
60 0.00023489999966841424 57600
70 0.00025379999988217605 78400
80 0.0003208000002814515 102400
90 0.00033759999996618717 129600
100 0.00029180000001360895 160000
150 0.0005787999998574378 360000
200 0.0006479999997281993 640000
250 0.0008999000001495006 1000000
300 0.0013517000002138957 1440000
350 0.0015522999997301667 1960000
400 0.0027371999999559193 2560000
450 0.003719199999977718 3240000
500 0.0040963000001283945 4000000
750 0.011848899999677087 9000000
1000 0.02449209999986124 16000000
1500 0.07306539999990491 36000000
2000 0.16113480000012714 64000000
5000 2.152587499999754 400000000
10000 13.875870200000008 1600000000
10 0.056199999999989814 1600
20 0.00012620000006791088 6400
30 0.00030900000001565786 14400
40 0.00029359999962252914 25600
50 0.00024050000001807348 40000
60 0.00018040000031760428 57600
70 0.00021700000024793553 78400
80 0.0002054000001407985 102400
90 0.00038180000001375447 129600
100 0.0003815000000031432 160000
150 0.0005301999999574036 360000
200 0.0007903999999143707 640000
250 0.0010035999998763145 1000000
300 0.0014179999998304993 1440000
350 0.0020085999999537307 1960000
400 0.00309689999994589 2560000
450 0.004304500000216649 3240000
500 0.004698200000348152 4000000
750 0.012905999999929918 9000000
1000 0.024927299999944807 16000000
1500 0.07505680000031134 36000000
2000 0.16120609999961744 64000000
5000 1.9978285999995933 400000000
10000 14.241859700000077 1600000000
10 0.056806699999924604 1600
20 0.00014939999982743757 6400
30 9.260000024369219e-05 14400
40 0.00027360000012777164 25600
50 0.00018349999982092413 40000
60 0.00022079999962443253 57600
70 0.0003338000001349428 78400
80 0.0002324000001863169 102400
90 0.0002803000002131739 129600
100 0.000357599999915692 160000
150 0.00041980000014518737 360000
200 0.0007273999999597436 640000
250 0.001150699999925564 1000000
300 0.001319599999987986 1440000
350 0.0018478000001778128 1960000
400 0.0028437000000849366 2560000
450 0.0038241000002017245 3240000
500 0.004302700000152981 4000000
750 0.01240609999968001 9000000
1000 0.024269099999855825 16000000
1500 0.07380909999983487 36000000
2000 0.16647180000018125 64000000
5000 1.95933819999982 400000000
10000 13.94549219999999 1600000000
10 0.056448700000146346 1600
20 0.00018369999997958075 6400
30 0.00011499999982333975 14400
40 0.00020330000006651971 25600
50 0.00020870000025752233 40000
60 0.0003855999998449988 57600
70 0.0002975000002152228 78400
80 0.00029600000016216654 102400
90 0.0003532999999151798 129600
100 0.0003420000002734014 160000
150 0.0004506000000219501 360000
200 0.0007122000001800188 640000
250 0.0010681999997359526 1000000
300 0.0012776000003213994 1440000
350 0.0017450999998800398 1960000
400 0.002983000000313041 2560000
450 0.0038673000003655034 3240000
500 0.003947299999708775 4000000
750 0.011958900000081485 9000000
1000 0.025037200000042503 16000000
1500 0.07781849999992119 36000000
2000 0.16238239999984216 64000000
5000 2.0107521999998426 400000000
10000 14.111840199999733 1600000000
10 0.050772500000221044 1600
20 0.0001650999997764302 6400
30 0.00016869999990376527 14400
40 0.0002021000000240747 25600
50 0.00021820000029038056 40000
60 0.0002303000001120381 57600
70 0.0002755000000433938 78400
80 0.0002534999998715648 102400
90 0.00034180000011474476 129600
100 0.0003089000001637032 160000
150 0.0008226000004469824 360000
200 0.0007785999996485771 640000
250 0.0008849999999256397 1000000
300 0.0013207000001784763 1440000
350 0.0019548000000213506 1960000
400 0.0030940000001464796 2560000
450 0.0039383000002999324 3240000
500 0.0041270000001532026 4000000
750 0.012799099999938335 9000000
1000 0.02410909999980504 16000000
1500 0.07143360000009125 36000000
2000 0.16194269999959943 64000000
5000 1.9887386000000333 400000000
10000 13.888132900000073 1600000000
10 0.06365229999983057 1600
20 0.00017899999966175528 6400
30 0.00011679999988700729 14400
40 0.0001434000000699598 25600
50 0.00021939999987807823 40000
60 0.00022020000005795737 57600
70 0.0002839999997377163 78400
80 0.000252599999839731 102400
90 0.00042710000025181216 129600
100 0.00044160000015835976 160000
150 0.0004828000000998145 360000
200 0.0006490000000667351 640000
250 0.000891700000011042 1000000
300 0.001282699999592296 1440000
350 0.0019093000000793836 1960000
400 0.0028796999999940454 2560000
450 0.003920099999959348 3240000
500 0.004166000000168424 4000000
750 0.011806699999851844 9000000
1000 0.025189700000282755 16000000
1500 0.07654279999997016 36000000
2000 0.1555102999996052 64000000
5000 1.9827205999999933 400000000
10000 13.925488500000029 1600000000
