10 0.0002293000002282497 800
20 0.00011830000039481092 3200
30 8.469999966109754e-05 7200
40 0.0001961000002665969 12800
50 0.00014290000035543926 20000
60 0.0002970999998979096 28800
70 0.0002523999996810744 39200
80 0.00023380000038741855 51200
90 0.00027759999966292526 64800
100 0.00024649999977555126 80000
150 0.0005274999998619023 180000
200 0.0005759999999099819 320000
250 0.0007934000000204833 500000
300 0.0011073000000578759 720000
350 0.001157100000000355 980000
400 0.0013093999996272032 1280000
450 0.001892400000087946 1620000
500 0.0024585000001025037 2000000
750 0.006638500000008207 4500000
1000 0.012362199999643053 8000000
1500 0.03666849999990518 18000000
2000 0.08451509999986229 32000000
5000 0.987286099999892 200000000
10000 6.510017399999924 800000000
10 0.033977499999764404 800
20 0.00014879999980621506 3200
30 0.0001268000000891334 7200
40 0.00018179999960921123 12800
50 0.00029390000008788775 20000
60 0.00021629999992001103 28800
70 0.00026889999980994617 39200
80 0.00021010000000387663 51200
90 0.0002444000001560198 64800
100 0.0003212000001440174 80000
150 0.00038739999990866636 180000
200 0.0006030999998074549 320000
250 0.0007950000003802415 500000
300 0.00121339999986958 720000
350 0.0012438000003385241 980000
400 0.0014498000000457978 1280000
450 0.002016500000081578 1620000
500 0.002466299999923649 2000000
750 0.007464799999979732 4500000
1000 0.0128287000002274 8000000
1500 0.037267899999733345 18000000
2000 0.07911680000006527 32000000
5000 1.0044279999997343 200000000
10000 6.466835100000026 800000000
10 0.034554100000150356 800
20 0.00021379999998316634 3200
30 9.939999972630176e-05 7200
40 0.0001560000000608852 12800
50 0.00027189999991605873 20000
60 0.00018040000031760428 28800
70 0.00020799999992959783 39200
80 0.0002955999998448533 51200
90 0.0003133999998681247 64800
100 0.00024699999994481914 80000
150 0.00045709999994869577 180000
200 0.0005553000000872998 320000
250 0.0008893999997781066 500000
300 0.001074600000265491 720000
350 0.0011437999996815051 980000
400 0.0015145000002121378 1280000
450 0.0021075999998174666 1620000
500 0.0022976000000198837 2000000
750 0.007563699999991513 4500000
1000 0.012253899999905116 8000000
1500 0.038097300000117684 18000000
2000 0.08257490000005419 32000000
5000 0.9699271999998018 200000000
10000 6.5573568999998315 800000000
10 0.03285600000026534 800
20 0.00025319999986095354 3200
30 0.00018109999973603408 7200
40 0.00022380000018529245 12800
50 0.00028079999992769444 20000
60 0.00022570000010091462 28800
70 0.0003069999997933337 39200
80 0.0003022999999302556 51200
90 0.0002441999999973632 64800
100 0.00030740000011064694 80000
150 0.00035320000006322516 180000
200 0.0006417999998120649 320000
250 0.0007325000001401349 500000
300 0.0009641000001465727 720000
350 0.0011684000000968808 980000
400 0.0013159000000086962 1280000
450 0.0018651000000318163 1620000
500 0.002470800000082818 2000000
750 0.006708599999910803 4500000
1000 0.013677500000085274 8000000
1500 0.039404000000104134 18000000
2000 0.08430839999982709 32000000
5000 0.9635827000001882 200000000
10000 6.511425900000177 800000000
10 0.030978199999935896 800
20 0.0002730000001065491 3200
30 0.0002670999997462786 7200
40 0.00021569999989878852 12800
50 0.00023199999986900366 20000
60 0.00020430000040505547 28800
70 0.00025229999982911977 39200
80 0.00024319999965882744 51200
90 0.00026590000015858095 64800
100 0.00029000000040468876 80000
150 0.0004502000001593842 180000
200 0.0006501000002572255 320000
250 0.0007593999998789513 500000
300 0.0008911999998417741 720000
350 0.001123600000028091 980000
400 0.0013441000000966596 1280000
450 0.0017892000000756525 1620000
500 0.0021539999997912673 2000000
750 0.006483699999989767 4500000
1000 0.012506199999734235 8000000
1500 0.03946270000005825 18000000
2000 0.07850370000005569 32000000
5000 0.9775721000000885 200000000
10000 6.465666099999908 800000000
10 0.031339699999989534 800
20 0.00024260000009235227 3200
30 0.00024560000019846484 7200
40 0.0002764000000752276 12800
50 0.0002905999999711639 20000
60 0.0001312000003963476 28800
70 0.0002882000003410212 39200
80 0.00030569999989893404 51200
90 0.00026030000026366906 64800
100 0.0002689999996619008 80000
150 0.0004272000001037668 180000
200 0.0006550000002789602 320000
250 0.00069740000026286 500000
300 0.0008809000000837841 720000
350 0.001225699999849894 980000
400 0.0018288000001120963 1280000
450 0.0019296000000394997 1620000
500 0.0021516000001611246 2000000
750 0.007290000000011787 4500000
1000 0.012158399999862013 8000000
1500 0.03868340000008175 18000000
2000 0.08547729999963849 32000000
5000 0.977371100000255 200000000
10000 6.462468400000034 800000000
10 0.029165399999783403 800
20 0.00011369999992894009 3200
30 5.5699999848002335e-05 7200
40 0.00025419999974474194 12800
50 0.000277399999959016 20000
60 0.00026519999983065645 28800
70 0.0002875000000130967 39200
80 0.00022560000024896 51200
90 0.0002524999999877764 64800
100 0.0003507000001263805 80000
150 0.000483400000121037 180000
200 0.0007537999999840395 320000
250 0.0006942999998500454 500000
300 0.0009395000001859444 720000
350 0.0012395999997352192 980000
400 0.001436200000171084 1280000
450 0.002378499999849737 1620000
500 0.002312699999947654 2000000
750 0.007221100000151637 4500000
1000 0.012617600000339735 8000000
1500 0.03997560000016165 18000000
2000 0.0827873999996882 32000000
5000 0.9714408999998341 200000000
10000 6.472840400000223 800000000
10 0.02784780000001774 800
20 0.00016439999990325305 3200
30 0.00014009999995323597 7200
40 0.00020039999981236178 12800
50 0.0002589000000625674 20000
60 0.00016219999997701962 28800
70 0.00026829999978872365 39200
80 0.0002312999999958265 51200
90 0.00028670000028796494 64800
100 0.00029760000006717746 80000
150 0.0003650000003290188 180000
200 0.000725599999896076 320000
250 0.0007682999998905871 500000
300 0.0009441000001970679 720000
350 0.0010830000001078588 980000
400 0.0014784999998482817 1280000
450 0.00222890000031839 1620000
500 0.002321600000414037 2000000
750 0.007037599999875965 4500000
1000 0.012036300000090705 8000000
1500 0.03983440000001792 18000000
2000 0.0844996999999239 32000000
5000 0.9818162999999913 200000000
10000 6.752427500000067 800000000
10 0.03248260000009395 800
20 0.0002592999999251333 3200
30 0.00015950000033626566 7200
40 0.00022630000012213713 12800
50 0.0002679999997781124 20000
60 0.00018600000021251617 28800
70 0.00026979999984177994 39200
80 0.00033230000008188654 51200
90 0.0002588000002106128 64800
100 0.00021300000025803456 80000
150 0.00047519999998257845 180000
200 0.0005701000000044587 320000
250 0.0007937999998830492 500000
300 0.0009895000002870802 720000
350 0.0012509000002864923 980000
400 0.0014445000001614972 1280000
450 0.001955400000042573 1620000
500 0.0023377000002255954 2000000
750 0.00880730000017138 4500000
1000 0.012069800000062969 8000000
1500 0.03986189999977796 18000000
2000 0.08338179999964268 32000000
5000 0.9673477999999704 200000000
10000 6.449786800000311 800000000
