10 0.0002241000001959037 1600
20 6.070000017643906e-05 6400
30 0.0001295000001846347 14400
40 0.00018580000005385955 25600
50 0.00026330000036978163 40000
60 0.0002029999996011611 57600
70 0.00028560000009747455 78400
80 0.0002932000002147106 102400
90 0.0002695999996831233 129600
100 0.0003743000002032204 160000
150 0.0005876000000171189 360000
200 0.0008976000003713125 640000
250 0.0009266000001844077 1000000
300 0.0014684000002489483 1440000
350 0.0023627000000487897 1960000
400 0.002914600000167411 2560000
450 0.003896900000199821 3240000
500 0.003941399999803252 4000000
750 0.011392200000045705 9000000
1000 0.02471800000012081 16000000
1500 0.0745438999997532 36000000
2000 0.16331290000016452 64000000
5000 2.0536529000000883 400000000
10000 13.868225100000018 1600000000
10 0.06155800000033196 1600
20 0.000279900000350608 6400
30 0.00015919999987090705 14400
40 0.0002459000002090761 25600
50 0.00030640000022685854 40000
60 0.00026879999995799153 57600
70 0.0002546999999140098 78400
80 0.0002845999997589388 102400
90 0.0002826999998433166 129600
100 0.00038690000019414583 160000
150 0.000509199999669363 360000
200 0.0009465999996791652 640000
250 0.0010072000000036496 1000000
300 0.0012255000001459848 1440000
350 0.0018384999998488638 1960000
400 0.0028545000000121945 2560000
450 0.0034733000002233894 3240000
500 0.004269200000180717 4000000
750 0.01238729999977295 9000000
1000 0.025436899999931484 16000000
1500 0.07518970000000991 36000000
2000 0.1588688000001639 64000000
5000 1.9943522999997185 400000000
10000 13.927656599999864 1600000000
10 0.06636639999987892 1600
20 0.0001615999999557971 6400
30 0.00013130000024830224 14400
40 0.00017209999987244373 25600
50 0.0002878999998756626 40000
60 0.0002009999998335843 57600
70 0.000309699999888835 78400
80 0.0002835999998751504 102400
90 0.00027360000012777164 129600
100 0.0003119000002698158 160000
150 0.0007401999996545783 360000
200 0.0009041999996952654 640000
250 0.0009953000003406487 1000000
300 0.001193399999920075 1440000
350 0.0019446999999672698 1960000
400 0.002604100000098697 2560000
450 0.003928100000393897 3240000
500 0.004334100000050967 4000000
750 0.012783000000126776 9000000
1000 0.025801299999784533 16000000
1500 0.07746020000013232 36000000
2000 0.16916159999982483 64000000
5000 2.0312331999998605 400000000
10000 13.907994600000166 1600000000
10 0.06399120000014591 1600
20 0.00027929999987463816 6400
30 0.00015669999993406236 14400
40 0.0001584999999977299 25600
50 0.0003274000000601518 40000
60 0.0002976999999191321 57600
70 0.0002700999998523912 78400
80 0.0002241000001959037 102400
90 0.00035819999993691454 129600
100 0.00024629999961689464 160000
150 0.0006036999998286774 360000
200 0.00073610000026747 640000
250 0.0009048000001712353 1000000
300 0.0014821999998275714 1440000
350 0.0021424000001388777 1960000
400 0.0028075000000171713 2560000
450 0.0038593999997829087 3240000
500 0.00449109999999564 4000000
750 0.012475200000153563 9000000
1000 0.026336299999911716 16000000
1500 0.07864440000003015 36000000
2000 0.1722383000001173 64000000
5000 2.1280673000001116 400000000
10000 13.847411100000045 1600000000
10 0.06450779999977385 1600
20 0.00012329999981375295 6400
30 0.00014069999997445848 14400
40 0.00014210000017556013 25600
50 0.00020429999995030812 40000
60 0.00024129999974320526 57600
70 0.000210000000151922 78400
80 0.00025959999993574456 102400
90 0.0002129999998032872 129600
100 0.00048790000028020586 160000
150 0.0005347999999685271 360000
200 0.0007955999999467167 640000
250 0.000830499999665335 1000000
300 0.0011148999997203646 1440000
350 0.0020471000002544315 1960000
400 0.0026939999997921404 2560000
450 0.003666200000225217 3240000
500 0.004136900000048627 4000000
750 0.012101700000130222 9000000
1000 0.024753700000019307 16000000
1500 0.0785118999997394 36000000
2000 0.16449009999996633 64000000
5000 1.9772071000002143 400000000
10000 13.978476700000101 1600000000
10 0.06561409999994794 1600
20 0.0002782000001388951 6400
30 0.00015660000008210773 14400
40 0.0003748000003724883 25600
50 0.0002299999996466795 40000
60 0.00022949999993215897 57600
70 0.00027829999999084976 78400
80 0.0002540000000408327 102400
90 0.0002589000000625674 129600
100 0.00032880000026125344 160000
150 0.00048040000001492444 360000
200 0.0008274000001620152 640000
250 0.0008880999998837069 1000000
300 0.001176700000087294 1440000
350 0.002111600000262115 1960000
400 0.0027364000002307876 2560000
450 0.003466300000127376 3240000
500 0.0044643000001087785 4000000
750 0.012099399999897287 9000000
1000 0.02338740000004691 16000000
1500 0.0724568000000545 36000000
2000 0.15875800000003437 64000000
5000 1.9979914999998982 400000000
10000 13.969399200000225 1600000000
10 0.06678539999984423 1600
20 0.0004122000000279513 6400
30 0.00017939999997906853 14400
40 0.0002401000001555076 25600
50 0.0001999999999497959 40000
60 0.0002086000004055677 57600
70 0.00027580000005400507 78400
80 0.00028090000023439643 102400
90 0.0002077999997709412 129600
100 0.0002503999999134976 160000
150 0.0005006999999750406 360000
200 0.0007165000001805311 640000
250 0.0009210000002894958 1000000
300 0.0011429999999563734 1440000
350 0.0017674999999144347 1960000
400 0.0025720000003275345 2560000
450 0.0037221999996290833 3240000
500 0.0043374000001676905 4000000
750 0.013109800000165706 9000000
1000 0.026262599999881786 16000000
1500 0.07194399999980305 36000000
2000 0.16388629999983095 64000000
5000 2.013329899999917 400000000
10000 14.194146700000147 1600000000
10 0.06574730000011186 1600
20 0.00017139999999926658 6400
30 0.00012989999959245324 14400
40 0.000184100000296894 25600
50 0.00023359999977401458 40000
60 0.00017179999986183248 57600
70 0.00033250000024054316 78400
80 0.0003446000000622007 102400
90 0.0003762000001188426 129600
100 0.0002637000002323475 160000
150 0.0004592999998749292 360000
200 0.0007534999999734282 640000
250 0.0008598999997957435 1000000
300 0.00108330000011847 1440000
350 0.0020785000001524168 1960000
400 0.0026155000000471773 2560000
450 0.003633100000115519 3240000
500 0.003989899999851332 4000000
750 0.0123647999998866 9000000
1000 0.02512849999993705 16000000
1500 0.07659989999956451 36000000
2000 0.16380980000030831 64000000
5000 1.9874801999999363 400000000
10000 13.83325539999987 1600000000
10 0.0648004999998193 1600
20 0.00012040000001434237 6400
30 0.00013829999988956843 14400
40 0.00020039999981236178 25600
50 0.0002936000000772765 40000
60 0.0001843999998527579 57600
70 0.0003341999999975087 78400
80 0.00025300000015704427 102400
90 0.000256599999829632 129600
100 0.00035049999996772385 160000
150 0.0004951000000801287 360000
200 0.0009110999999393243 640000
250 0.0009331000001111533 1000000
300 0.0012268000000403845 1440000
350 0.001939799999945535 1960000
400 0.002597700000023906 2560000
450 0.0037925999999970372 3240000
500 0.004540299999916897 4000000
750 0.012186699999801931 9000000
1000 0.024203299999953742 16000000
1500 0.0781512999997176 36000000
2000 0.1589617999998154 64000000
5000 2.0223009999999704 400000000
10000 13.960590500000308 1600000000
10 0.06774259999974674 1600
20 0.0008341999996446248 6400
30 0.00038529999983438756 14400
40 0.000505400000292866 25600
50 0.0003648000001703622 40000
60 0.0002590000003692694 57600
70 0.0004210000001876324 78400
80 0.0002785000001495064 102400
90 0.0004460000000108266 129600
100 0.000552100000277278 160000
150 0.0005175999999664782 360000
200 0.0007704000004196132 640000
250 0.001216600000134349 1000000
300 0.0012728000001516193 1440000
350 0.001993400000174006 1960000
400 0.0029478999999810185 2560000
450 0.003728500000306667 3240000
500 0.004218399999899702 4000000
750 0.012898999999833904 9000000
1000 0.02575650000017049 16000000
1500 0.07485410000026604 36000000
2000 0.1665461999996296 64000000
