10 7.090000008247443e-05 800
20 0.00011089999998148414 3200
30 0.00018750000003819878 7200
40 0.0002661000000898639 12800
50 0.00015030000008664501 20000
60 9.019999993142847e-05 28800
70 0.00022020000005795737 39200
80 0.00019159999988005438 51200
90 0.0003527999999732856 64800
100 0.00026320000006307964 80000
150 0.0005751999999574764 180000
200 0.0006803000001127657 320000
250 0.0008487000000059197 500000
300 0.0018589999999676365 720000
350 0.002240999999912674 980000
400 0.0031784000000243395 1280000
450 0.003950099999883605 1620000
500 0.005557700000053956 2000000
750 0.01860790000000634 4500000
1000 0.03242240000008678 8000000
1500 0.10114610000005086 18000000
2000 0.22490210000000843 32000000
5000 2.345827999999983 200000000
10000 16.28972449999992 800000000
10 0.010451199999806704 800
20 0.00010179999981119181 3200
30 0.00016299999992952507 7200
40 0.0001305000000684231 12800
50 0.00011159999985466129 20000
60 0.0003980999999839696 28800
70 0.00016410000012001547 39200
80 0.0002188000000842294 51200
90 0.00022359999979926215 64800
100 0.0002675999999155465 80000
150 0.0005639000000883243 180000
200 0.0007200999998531188 320000
250 0.001086299999997209 500000
300 0.0013824000000113301 720000
350 0.002154000000018641 980000
400 0.0036689999999452994 1280000
450 0.0046247000000221306 1620000
500 0.00649440000006507 2000000
750 0.017618199999787976 4500000
1000 0.03532719999998335 8000000
1500 0.12891820000004373 18000000
2000 0.21764690000009068 32000000
5000 2.335100599999805 200000000
10000 15.780271000000084 800000000
10 0.01082700000006298 800
20 6.310000003395544e-05 3200
30 0.00012300000003051537 7200
40 0.00021889999993618403 12800
50 0.00014770000007047202 20000
60 0.0001710000001367007 28800
70 0.00016029999983402377 39200
80 0.00019619999989117787 51200
90 0.00018880000015997211 64800
100 0.00019300000008115603 80000
150 0.00041980000014518737 180000
200 0.0006630000000313885 320000
250 0.0010285000000749278 500000
300 0.0012901000000056229 720000
350 0.0021636000001308275 980000
400 0.0038429000001087843 1280000
450 0.005878700000039316 1620000
500 0.0070227999999588064 2000000
750 0.01673409999989417 4500000
1000 0.035432399999990594 8000000
1500 0.11474869999983639 18000000
2000 0.22443730000009054 32000000
5000 2.2785882999999103 200000000
10000 15.781062599999814 800000000
10 0.010948800000051051 800
20 6.579999990208307e-05 3200
30 9.399999999004649e-05 7200
40 0.00017630000002100132 12800
50 0.00014950000013413955 20000
60 0.0001746000000366621 28800
70 0.00018700000009630457 39200
80 0.00018879999993259844 51200
90 0.0002810999999383057 64800
100 0.00026830000001609733 80000
150 0.000475600000072518 180000
200 0.0007963000000472675 320000
250 0.001107100000126593 500000
300 0.001688800000010815 720000
350 0.0023693999999068183 980000
400 0.0034046000000671484 1280000
450 0.005286900000101014 1620000
500 0.0055542999998579035 2000000
750 0.01637879999998404 4500000
1000 0.03437080000003334 8000000
1500 0.11649020000004384 18000000
2000 0.2451447000000826 32000000
5000 2.2652908000000025 200000000
10000 15.999034400000028 800000000
10 0.010697400000026391 800
20 0.00010990000009769574 3200
30 0.000128299999914816 7200
40 0.00018580000005385955 12800
50 0.00012919999994664977 20000
60 0.00012760000004163885 28800
70 0.0001809000000321248 39200
80 0.00016889999983504822 51200
90 0.00018950000003314926 64800
100 0.00019569999994928367 80000
150 0.000474400000030073 180000
200 0.00080630000002202 320000
250 0.0011497999998937303 500000
300 0.0015725999999176565 720000
350 0.002391100000068036 980000
400 0.003426000000217755 1280000
450 0.0042889999999715656 1620000
500 0.005513900000096328 2000000
750 0.016838700000107565 4500000
1000 0.035352000000102635 8000000
1500 0.11143109999989065 18000000
2000 0.24274540000010347 32000000
5000 2.2971990000000915 200000000
10000 15.890950400000065 800000000
10 0.012549799999987954 800
20 8.01000001047214e-05 3200
30 9.339999996882398e-05 7200
40 0.00022459999991042423 12800
50 8.249999996223778e-05 20000
60 0.0001625999998395855 28800
70 0.0002585999998245825 39200
80 0.00023099999998521525 51200
90 0.00025440000013077224 64800
100 0.00021430000015243422 80000
150 0.00042290000010325457 180000
200 0.0007949999999254942 320000
250 0.0011312999999972817 500000
300 0.001499099999819009 720000
350 0.0022430999999869528 980000
400 0.0039444000001367385 1280000
450 0.00441410000007636 1620000
500 0.006442200000037701 2000000
750 0.019402899999931833 4500000
1000 0.03421780000007857 8000000
1500 0.11170909999987089 18000000
2000 0.2327224999999089 32000000
5000 2.321463400000084 200000000
10000 15.726153300000078 800000000
10 0.010751099999879443 800
20 6.189999999151041e-05 3200
30 0.00011939999990318029 7200
40 0.0001964000000498345 12800
50 0.00016649999997753184 20000
60 9.850000014921534e-05 28800
70 0.00019959999985985633 39200
80 0.00022369999987859046 51200
90 0.00020500000005085894 64800
100 0.00018819999991137593 80000
150 0.00043940000000475266 180000
200 0.0007255000000441214 320000
250 0.0010621999999784748 500000
300 0.0013894999999592983 720000
350 0.0022008000000823813 980000
400 0.0032398999999259104 1280000
450 0.0046609999999418505 1620000
500 0.0055242000000816915 2000000
750 0.019448999999895022 4500000
1000 0.03662020000001576 8000000
1500 0.11772459999997409 18000000
2000 0.22846900000013193 32000000
5000 2.2702300000000832 200000000
10000 16.093128000000206 800000000
10 0.010632699999860051 800
20 6.800000005569018e-05 3200
30 0.00010789999987537158 7200
40 0.0002506000000721542 12800
50 0.00011800000015682599 20000
60 0.0001922999999806052 28800
70 0.00015140000004976173 39200
80 0.00016550000009374344 51200
90 0.00019049999991693767 64800
100 0.00021270000002004963 80000
150 0.00046999999995023245 180000
200 0.0008076999999957479 320000
250 0.0011221999998269894 500000
300 0.0013930999998592597 720000
350 0.0022028999999292864 980000
400 0.00329409999994823 1280000
450 0.0042246000000432105 1620000
500 0.005524499999864929 2000000
750 0.0210964000000331 4500000
1000 0.03594040000007226 8000000
1500 0.1127564999999322 18000000
2000 0.23564150000015616 32000000
5000 2.3532570000002124 200000000
10000 15.88098029999992 800000000
10 0.010837000000037733 800
20 6.430000007640047e-05 3200
30 0.00013990000002195302 7200
40 0.0003420000000460277 12800
50 8.84000000951346e-05 20000
60 0.00011859999995067483 28800
70 0.00015819999998711864 39200
80 0.00019459999998616695 51200
90 0.00020089999998162966 64800
100 0.00021030000016253325 80000
150 0.0004280999999082269 180000
200 0.0006929000001036911 320000
250 0.001115799999979572 500000
300 0.0015071999998781394 720000
350 0.0020971999999801483 980000
400 0.003304399999933594 1280000
450 0.0044653999998445215 1620000
500 0.005655199999864635 2000000
750 0.01638079999997899 4500000
1000 0.03540490000000318 8000000
1500 0.11328230000003714 18000000
2000 0.22530350000010912 32000000
5000 2.3914916999999605 200000000
10000 16.097789799999873 800000000
10 0.012687400000004345 800
20 6.110000003900495e-05 3200
30 0.00010610000003907771 7200
40 0.00032450000003336754 12800
50 0.00013080000007903436 20000
60 0.00020190000009279174 28800
70 0.0003968999999415246 39200
80 0.00027260000001660956 51200
90 0.0003392999999505264 64800
100 0.0002061999998659303 80000
150 0.00045999999997548 180000
200 0.0008458999998310901 320000
250 0.0011723999998594081 500000
300 0.001576999999997497 720000
350 0.002188400000022739 980000
400 0.0039054000001215172 1280000
450 0.0051628000001073815 1620000
500 0.005552200000010998 2000000
750 0.016924900000049092 4500000
1000 0.03631319999999505 8000000
1500 0.11184969999999339 18000000
2000 0.22831509999991795 32000000
5000 2.3172033999999258 200000000
10000 16.29916990000015 800000000
