10 0.00020429999995030812 1600
20 9.36000001274806e-05 6400
30 0.00014000000010128133 14400
40 0.0002210999996350438 25600
50 0.00027090000003227033 40000
60 0.00020389999963299488 57600
70 0.00042469999971217476 78400
80 0.00026039999966087635 102400
90 0.00030689999994137906 129600
100 0.0004193999998278741 160000
150 0.0010631999998622632 360000
200 0.0007756999998491665 640000
250 0.0010712999996940198 1000000
300 0.0014173999998092768 1440000
350 0.0017668999998932122 1960000
400 0.0029241999995974766 2560000
450 0.0044447000000218395 3240000
500 0.003892100000030041 4000000
750 0.011554100000012113 9000000
1000 0.02389930000026652 16000000
1500 0.06870359999993525 36000000
2000 0.1639654000000519 64000000
5000 2.104555899999923 400000000
10000 13.92856350000011 1600000000
10 0.05739319999975123 1600
20 0.00015419999999721767 6400
30 0.00011279999989710632 14400
40 0.0001314999999522115 25600
50 0.000198299999738083 40000
60 0.00025589999995645485 57600
70 0.00030800000013186946 78400
80 0.00027260000024398323 102400
90 0.0003146999997625244 129600
100 0.0003671999998005049 160000
150 0.00041650000002846355 360000
200 0.0008093000001281325 640000
250 0.0009495000003880705 1000000
300 0.0012877999997726874 1440000
350 0.0016157999998540618 1960000
400 0.0028268999999454536 2560000
450 0.0038395999999920605 3240000
500 0.004195600000002742 4000000
750 0.012258100000053673 9000000
1000 0.024715099999866652 16000000
1500 0.07345910000003641 36000000
2000 0.1639154999998027 64000000
5000 1.9943770999998378 400000000
10000 13.989292899999782 1600000000
10 0.06339299999990544 1600
20 0.00021490000017365674 6400
30 0.0001202000003104331 14400
40 0.00013020000005781185 25600
50 0.00021800000013172394 40000
60 0.00020330000006651971 57600
70 0.0002465000002302986 78400
80 0.00027150000005349284 102400
90 0.0003063000003749039 129600
100 0.00030209999977159896 160000
150 0.0005564000002777902 360000
200 0.0006957999999031017 640000
250 0.0008705000000190921 1000000
300 0.0013303999999152438 1440000
350 0.0016424999998889689 1960000
400 0.0029786999998577812 2560000
450 0.00379800000018804 3240000
500 0.004347499999767024 4000000
750 0.011243599999943399 9000000
1000 0.025713699999869277 16000000
1500 0.07677770000009332 36000000
2000 0.16834369999969567 64000000
5000 2.0053486000001612 400000000
10000 13.790968300000259 1600000000
10 0.06547739999996338 1600
20 0.00023080000028130598 6400
30 0.00012960000003658934 14400
40 0.00018000000000029104 25600
50 0.00026530000013735844 40000
60 0.00020839999979216373 57600
70 0.0002690999999686028 78400
80 0.00032090000013340614 102400
90 0.00021710000009989017 129600
100 0.00027869999985341565 160000
150 0.0005307000001266715 360000
200 0.000804599999810307 640000
250 0.000837399999909394 1000000
300 0.0013383000000430911 1440000
350 0.0019157000001541746 1960000
400 0.0028722000001835113 2560000
450 0.003873599999678845 3240000
500 0.004169499999989057 4000000
750 0.01213529999995444 9000000
1000 0.025136100000054284 16000000
1500 0.07236569999986386 36000000
2000 0.1618609000001925 64000000
5000 2.0202031999997416 400000000
10000 14.025492299999769 1600000000
10 0.06456260000004477 1600
20 0.00021839999999428983 6400
30 0.00016999999979816494 14400
40 0.0002295999997841136 25600
50 0.00024819999998726416 40000
60 0.00022059999992052326 57600
70 0.0002758999999059597 78400
80 0.0002577000000201224 102400
90 0.0003002999997079314 129600
100 0.0003173999998580257 160000
150 0.0005115999997542531 360000
200 0.0008241000000452914 640000
250 0.001451300000098854 1000000
300 0.0015396999997392413 1440000
350 0.002163699999982782 1960000
400 0.003037799999674462 2560000
450 0.003774299999804498 3240000
500 0.0045184999999037245 4000000
750 0.012027399999624322 9000000
1000 0.023676400000113063 16000000
1500 0.07572419999996782 36000000
2000 0.16460490000008576 64000000
5000 2.014498200000162 400000000
10000 13.94447130000026 1600000000
10 0.06380380000018704 1600
20 0.00018079999972542282 6400
30 0.0001021999996737577 14400
40 0.00013810000018565916 25600
50 0.0002749000000221713 40000
60 0.0002116000000569329 57600
70 0.0002571999998508545 78400
80 0.0002451999998811516 102400
90 0.0003038999998352665 129600
100 0.00031919999992169323 160000
150 0.0004825999999411579 360000
200 0.0008434000001216191 640000
250 0.0009282000000894186 1000000
300 0.0011932000002161658 1440000
350 0.0015877000000728003 1960000
400 0.0026323000001866603 2560000
450 0.0036783000000468746 3240000
500 0.00426500000003216 4000000
750 0.012014899999940098 9000000
1000 0.02378660000022137 16000000
1500 0.0717503000000761 36000000
2000 0.15896760000032373 64000000
5000 1.9889155999999275 400000000
10000 14.234056599999803 1600000000
10 0.06061520000002929 1600
20 0.00026490000027479255 6400
30 0.0001322999996773433 14400
40 0.00011940000013055396 25600
50 0.00036769999996977276 40000
60 0.0002540000000408327 57600
70 0.00032300000020768493 78400
80 0.0003120000001217704 102400
90 0.0002849000002242974 129600
100 0.0004008000000794709 160000
150 0.000418699999954697 360000
200 0.0007409999998344574 640000
250 0.0009880999996312312 1000000
300 0.0013465000001815497 1440000
350 0.0017357000001538836 1960000
400 0.003150099999857048 2560000
450 0.0037083000001985056 3240000
500 0.00408400000014808 4000000
750 0.012388900000132708 9000000
1000 0.024436300000161282 16000000
1500 0.07720729999982723 36000000
2000 0.16155879999996614 64000000
5000 2.000080799999978 400000000
10000 14.01801899999964 1600000000
10 0.06687569999985499 1600
20 0.00030999999989944627 6400
30 0.00014919999966878095 14400
40 0.00017280000020036823 25600
50 0.0002706999998736137 40000
60 0.0005077000000710541 57600
70 0.00030080000033194665 78400
80 0.00020649999987654155 102400
90 0.000283699999727105 129600
100 0.0003633000001173059 160000
150 0.0004952999997840379 360000
200 0.0009443999997529318 640000
250 0.0009651999998823158 1000000
300 0.0013324999999895226 1440000
350 0.0017476999996688392 1960000
400 0.0030843999998069194 2560000
450 0.0037419000000227243 3240000
500 0.004605000000083237 4000000
750 0.01218010000002323 9000000
1000 0.025668599999789876 16000000
1500 0.07909870000003139 36000000
2000 0.1697954999999638 64000000
5000 2.023709399999916 400000000
10000 13.806990799999767 1600000000
10 0.06842619999997623 1600
20 0.00025279999999838765 6400
30 0.00019470000006549526 14400
40 0.00021870000000490109 25600
50 0.0002660999998624902 40000
60 0.00024230000008174102 57600
70 0.0002967999998872983 78400
80 0.00026120000029550283 102400
90 0.00033739999980753055 129600
100 0.00032400000009147334 160000
150 0.0004241000001456996 360000
200 0.0007541999998466054 640000
250 0.0009713999997984502 1000000
300 0.0013269000000946107 1440000
350 0.001718699999855744 1960000
400 0.0029531000000133645 2560000
450 0.003543899999840505 3240000
500 0.004179200000180572 4000000
750 0.011542700000063633 9000000
1000 0.024439100000108738 16000000
1500 0.07193710000001374 36000000
2000 0.15555129999984274 64000000
5000 2.0297900999999 400000000
10000 13.872091499999897 1600000000
