10 9.630000022298191e-05 600
20 0.00023370000008071656 2400
30 0.00014070000042920583 5400
40 0.00014169999985824688 9600
50 0.00031890000036582933 15000
60 0.0003475999997135659 21600
70 0.00030479999986710027 29400
80 0.0002699000001484819 38400
90 0.00035160000015821424 48600
100 0.00034910000022136956 60000
150 0.00042290000010325457 135000
200 0.0008581000001868233 240000
250 0.0011070999998992193 375000
300 0.0012932999998156447 540000
350 0.0015389000000141095 735000
400 0.0021627000000989938 960000
450 0.0027022999997825536 1215000
500 0.003200699999979406 1500000
750 0.008521899999777816 3375000
1000 0.015523300000040763 6000000
1500 0.044310000000223226 13500000
2000 0.09541209999997591 24000000
5000 1.0614674999997078 150000000
10000 6.374224099999992 600000000
10 0.028355399999782094 600
20 0.00022160000025905902 2400
30 0.0001695000000836444 5400
40 0.0002570999999988999 9600
50 0.00019990000009784126 15000
60 0.00014999999984866008 21600
70 0.0002804999999170832 29400
80 0.00029589999985546456 38400
90 0.0002905000001192093 48600
100 0.000342100000125356 60000
150 0.0004983999997421051 135000
200 0.0008095000002867891 240000
250 0.0008976999997685198 375000
300 0.001181799999812938 540000
350 0.001638100000036502 735000
400 0.0021991000003254157 960000
450 0.0024905000000217115 1215000
500 0.003193900000042049 1500000
750 0.008173500000339118 3375000
1000 0.01577049999968949 6000000
1500 0.04604719999997542 13500000
2000 0.08786030000010214 24000000
5000 1.0161494000003586 150000000
10000 6.401822599999832 600000000
10 0.03359039999986635 600
20 0.00024149999990186188 2400
30 0.00021090000018375576 5400
40 0.0002486999997017847 9600
50 0.00020069999982297304 15000
60 0.0002303000001120381 21600
70 0.0005221000001256471 29400
80 0.0002779999999802385 38400
90 0.0002761000000646163 48600
100 0.00037440000005517504 60000
150 0.00043740000000980217 135000
200 0.0008589999997639097 240000
250 0.000873699999829114 375000
300 0.001131200000145327 540000
350 0.001437400000213529 735000
400 0.0018484000001990353 960000
450 0.002795200000036857 1215000
500 0.0033110999997916224 1500000
750 0.008093599999938306 3375000
1000 0.015623299999788287 6000000
1500 0.043724399999973684 13500000
2000 0.08961839999983567 24000000
5000 1.008736300000237 150000000
10000 6.398596699999871 600000000
10 0.032972699999845645 600
20 0.0002814999998008716 2400
30 0.00037960000008752104 5400
40 0.0003334999996695842 9600
50 0.0001864999999270367 15000
60 0.00021960000003673485 21600
70 0.00023640000017621787 29400
80 0.0002868000001399196 38400
90 0.0002899999999499414 48600
100 0.00031990000024961773 60000
150 0.000521000000389904 135000
200 0.00071799999977884 240000
250 0.0008427000002484419 375000
300 0.00402189999977054 540000
350 0.001567100000102073 735000
400 0.0020668999995905324 960000
450 0.002500599999621045 1215000
500 0.0030534000002262474 1500000
750 0.00804229999994277 3375000
1000 0.014724099999966711 6000000
1500 0.042738200000258075 13500000
2000 0.0928846000001613 24000000
5000 1.01320910000004 150000000
10000 6.420639800000117 600000000
10 0.030918199999632634 600
20 0.0002710000003389723 2400
30 0.00024660000008225325 5400
40 0.00026440000010552467 9600
50 0.00019759999986490584 15000
60 0.00022730000000592554 21600
70 0.00039659999993091333 29400
80 0.00022519999993164674 38400
90 0.0003154999999424035 48600
100 0.0003486999999040563 60000
150 0.00045390000013867393 135000
200 0.0007052000000840053 240000
250 0.0010384000001977256 375000
300 0.0014080999999350752 540000
350 0.0015432000000146218 735000
400 0.0017566000001352222 960000
450 0.0028121000000282947 1215000
500 0.0031471000002056826 1500000
750 0.007953899999847636 3375000
1000 0.015370099999927334 6000000
1500 0.04419979999966017 13500000
2000 0.08801219999986643 24000000
5000 1.0214195000003201 150000000
10000 6.434431099999983 600000000
10 0.03143020000015895 600
20 0.0002027000000452972 2400
30 0.00019160000010742806 5400
40 0.00030120000019451254 9600
50 0.00023400000009132782 15000
60 0.000215200000184268 21600
70 0.00024389999998675194 29400
80 0.00029020000010859803 38400
90 0.0002778999996735365 48600
100 0.00028040000006512855 60000
150 0.0004760000001624576 135000
200 0.0007114000000001397 240000
250 0.0009939999999915017 375000
300 0.0013840999999956694 540000
350 0.0015851999996812083 735000
400 0.0019171000003552763 960000
450 0.0025137000002359855 1215000
500 0.0034161000003223307 1500000
750 0.007847399999718618 3375000
1000 0.014594100000067556 6000000
1500 0.04430359999969369 13500000
2000 0.09068139999999403 24000000
5000 1.0164644999999837 150000000
10000 6.401763200000005 600000000
10 0.031125499999689055 600
20 0.00014379999993252568 2400
30 0.0003187000002071727 5400
40 0.00020919999997204286 9600
50 0.00029649999987668707 15000
60 0.00024299999995491817 21600
70 0.00021330000026864582 29400
80 0.00022850000004837057 38400
90 0.00022880000005898182 48600
100 0.00040399999988949276 60000
150 0.0004212999997434963 135000
200 0.0008613999998487998 240000
250 0.0009413000002496119 375000
300 0.001137499999913416 540000
350 0.0014237000000321132 735000
400 0.0017682000002423592 960000
450 0.002446100000270235 1215000
500 0.0030937000001358683 1500000
750 0.007671200000004319 3375000
1000 0.014832900000328664 6000000
1500 0.04226719999996931 13500000
2000 0.09030029999985345 24000000
5000 1.0142552999996042 150000000
10000 6.429502899999989 600000000
10 0.031156000000009954 600
20 0.00023719999990134966 2400
30 0.00026900000011664815 5400
40 0.0002689000002646935 9600
50 0.0002287000002070272 15000
60 0.00022929999977350235 21600
70 0.0003105999999206688 29400
80 0.00031409999974130187 38400
90 0.0002849000002242974 48600
100 0.00038390000008803327 60000
150 0.0004979999998795392 135000
200 0.0007948000002215849 240000
250 0.000912399999833724 375000
300 0.0012328000002526096 540000
350 0.0014448000001721084 735000
400 0.0018931999998130777 960000
450 0.0024292000002787972 1215000
500 0.003218699999706587 1500000
750 0.007819100000233448 3375000
1000 0.015204399999674933 6000000
1500 0.04333539999970526 13500000
2000 0.08649610000020402 24000000
5000 1.031159000000116 150000000
10000 6.578363900000113 600000000
10 0.033349899999848276 600
20 0.00026390000039100414 2400
30 0.00021749999996245606 5400
40 0.0002287000002070272 9600
50 0.00020620000032067765 15000
60 0.0003093000000262691 21600
70 0.00030910000032235985 29400
80 0.00033949999988180934 38400
90 0.00027299999965180177 48600
100 0.00030680000008942443 60000
150 0.0005022999998800515 135000
200 0.0006908000000294123 240000
250 0.0009924999999384454 375000
300 0.0014157000000523112 540000
350 0.001556599999730679 735000
400 0.0018691000000217173 960000
450 0.002744399999755842 1215000
500 0.0032079999996312836 1500000
750 0.007207299999663519 3375000
1000 0.01594169999998485 6000000
1500 0.043498799999724724 13500000
2000 0.09482260000004317 24000000
5000 1.0166211000000658 150000000
10000 6.460106099999848 600000000
