10 0.0002138000004379137 1600
20 6.669999993391684e-05 6400
30 0.0002027000000452972 14400
40 0.0002137000001312117 25600
50 0.0002970999998979096 40000
60 0.00039049999986673356 57600
70 0.0005587000000559783 78400
80 0.0003967999996348226 102400
90 0.0003662999997686711 129600
100 0.000335700000050565 160000
150 0.0005104000001665554 360000
200 0.0009764999999788415 640000
250 0.0011021999998774845 1000000
300 0.0014186999997036764 1440000
350 0.0019862999997712905 1960000
400 0.0031575000002703746 2560000
450 0.003743700000086392 3240000
500 0.004267700000127661 4000000
750 0.012718999999833613 9000000
1000 0.027814199999738776 16000000
1500 0.0875370000003386 36000000
2000 0.23585270000012315 64000000
5000 2.134595200000149 400000000
10000 14.955212700000175 1600000000
10 0.05691239999987374 1600
20 0.00027029999955630046 6400
30 0.00022519999993164674 14400
40 0.000215099999877566 25600
50 0.00023029999965729075 40000
60 0.0002641000000949134 57600
70 0.00028350000002319575 78400
80 0.0003071999999519903 102400
90 0.0003063000003749039 129600
100 0.0003501999999571126 160000
150 0.000494899999921472 360000
200 0.0007875999999669148 640000
250 0.0008888999996088387 1000000
300 0.001346699999885459 1440000
350 0.0020230000000083237 1960000
400 0.0032707999998820014 2560000
450 0.0037744999999631546 3240000
500 0.004737400000067282 4000000
750 0.013599700000213488 9000000
1000 0.02729589999989912 16000000
1500 0.08665240000027552 36000000
2000 0.1797420000002603 64000000
5000 2.2123084999998355 400000000
10000 14.358285899999828 1600000000
10 0.06433779999997569 1600
20 0.00020769999991898658 6400
30 0.00026190000016868 14400
40 0.00020510000013018725 25600
50 0.0002640000002429588 40000
60 0.0002312999999958265 57600
70 0.00026479999996809056 78400
80 0.00029970000014145626 102400
90 0.0002822999999807507 129600
100 0.0003619000003709516 160000
150 0.0004729000002043904 360000
200 0.0008279999997284904 640000
250 0.0009737000000313856 1000000
300 0.001394099999743048 1440000
350 0.0014393999999811058 1960000
400 0.0027036000001317007 2560000
450 0.0036847000001216657 3240000
500 0.004136399999879359 4000000
750 0.012314200000218989 9000000
1000 0.025518899999951827 16000000
1500 0.07532920000039667 36000000
2000 0.15947920000007798 64000000
5000 2.022128100000373 400000000
10000 14.024933699999565 1600000000
10 0.06229110000003857 1600
20 0.00023260000034497352 6400
30 0.00018600000021251617 14400
40 0.00014759999976377003 25600
50 0.00020500000027823262 40000
60 0.0002417999994577258 57600
70 0.0002689000002646935 78400
80 0.00021190000006754417 102400
90 0.00032300000020768493 129600
100 0.00029150000045774505 160000
150 0.0005087999998067971 360000
200 0.0006880000000819564 640000
250 0.0009658999997554929 1000000
300 0.001310199999352335 1440000
350 0.001660500000070897 1960000
400 0.00283320000016829 2560000
450 0.003814799999418028 3240000
500 0.0039690000003247405 4000000
750 0.011818500000117638 9000000
1000 0.024688500000593194 16000000
1500 0.07715100000041275 36000000
2000 0.16173280000020895 64000000
5000 1.9847468999996636 400000000
10000 14.401603899999827 1600000000
10 0.07255030000033003 1600
20 0.00015759999951114878 6400
30 0.00011249999988649506 14400
40 0.00014490000012301607 25600
50 0.00022110000008979114 40000
60 0.0002504999993107049 57600
70 0.0003206999999747495 78400
80 0.00025779999941732967 102400
90 0.0002979000000777887 129600
100 0.00041260000034526456 160000
150 0.0005707000000256812 360000
200 0.0007740999999441556 640000
250 0.0009238000002369517 1000000
300 0.0014404999992621015 1440000
350 0.0017020999994201702 1960000
400 0.003039100000023609 2560000
450 0.004288000000087777 3240000
500 0.0043617000001177075 4000000
750 0.012850500000240572 9000000
1000 0.02557269999942946 16000000
1500 0.07385770000018965 36000000
2000 0.15995099999963713 64000000
5000 2.028744299999744 400000000
10000 16.14565440000024 1600000000
10 0.06377549999979237 1600
20 0.00021660000038536964 6400
30 0.00023590000000695 14400
40 0.00022179999996296829 25600
50 0.00024790000043140026 40000
60 0.00028019999990647193 57600
70 0.00022679999983665766 78400
80 0.00022279999939200934 102400
90 0.00036110000019107247 129600
100 0.00035829999978886917 160000
150 0.000630000000455766 360000
200 0.0008431000005657552 640000
250 0.0010437000000820262 1000000
300 0.0014041000003999216 1440000
350 0.0018073000001095352 1960000
400 0.0028147000002718414 2560000
450 0.003995099999883678 3240000
500 0.003992400000242924 4000000
750 0.012892800000372517 9000000
1000 0.026895599999988917 16000000
1500 0.07794990000002144 36000000
2000 0.17102100000010978 64000000
5000 2.128600600000027 400000000
10000 15.130050900000242 1600000000
10 0.06042879999949946 1600
20 0.00014539999938278925 6400
30 0.00011790000007749768 14400
40 0.00014480000027106144 25600
50 0.00023019999935058877 40000
60 0.0001934000001710956 57600
70 0.00023969999983819434 78400
80 0.000335599999743863 102400
90 0.00029100000028847717 129600
100 0.0003455000005487818 160000
150 0.0005196000001888024 360000
200 0.0007292999998753658 640000
250 0.0011205000000700238 1000000
300 0.001594199999999546 1440000
350 0.001912899999297224 1960000
400 0.0031679000003350666 2560000
450 0.0038937999997870065 3240000
500 0.004053999999996449 4000000
750 0.012759499999447144 9000000
1000 0.02622929999961343 16000000
1500 0.08054790000005596 36000000
2000 0.1691332999998849 64000000
5000 2.146630600000208 400000000
10000 15.12658730000021 1600000000
10 0.06679150000036316 1600
20 0.00025519999962853035 6400
30 0.00017939999997906853 14400
40 0.0001855000000432483 25600
50 0.0003401000003577792 40000
60 0.0002502999996067956 57600
70 0.0002730000005612965 78400
80 0.00032669999927747995 102400
90 0.00043619999996735714 129600
100 0.00035399999978835694 160000
150 0.0005025999998906627 360000
200 0.0009181000004900852 640000
250 0.0010525000006964547 1000000
300 0.0014170000004014582 1440000
350 0.002741900000728492 1960000
400 0.05530850000013743 2560000
450 0.015707699999438773 3240000
500 0.004774199999701523 4000000
750 0.012808299999960582 9000000
1000 0.027903600000172446 16000000
1500 0.08163779999995313 36000000
2000 0.17540509999980713 64000000
5000 2.1674878000003446 400000000
10000 14.964637699999912 1600000000
10 0.06460499999957392 1600
20 0.00016679999953339575 6400
30 0.00014199999986885814 14400
40 0.00014139999984763563 25600
50 0.00023130000045057386 40000
60 0.0002471999996487284 57600
70 0.0003009000001839013 78400
80 0.0002846000006684335 102400
90 0.00029570000060630264 129600
100 0.0002990000002682791 160000
150 0.0004377999994176207 360000
200 0.0007623999999850639 640000
250 0.000866899999891757 1000000
300 0.0016911000002437504 1440000
350 0.0018374999999650754 1960000
400 0.0030378000001292094 2560000
450 0.003730600000380946 3240000
500 0.0046559999991586665 4000000
750 0.012496100000134902 9000000
1000 0.026180899999417306 16000000
1500 0.07865689999925962 36000000
2000 0.17086979999930918 64000000
5000 2.1760260000000926 400000000
10000 15.180395299999873 1600000000
