10 4.6999999995023245e-05 1600
20 3.819999983534217e-05 6400
30 0.00020820000008825446 14400
40 0.00014310000005934853 25600
50 0.00010840000004463946 40000
60 9.290000002692977e-05 57600
70 0.00014680000003863825 78400
80 0.00014169999985824688 102400
90 0.00020549999999275315 129600
100 0.00021379999998316634 160000
150 0.00037950000000819273 360000
200 0.0005487999999331805 640000
250 0.0009817000000111875 1000000
300 0.0014029000001301029 1440000
350 0.0019057000001794222 1960000
400 0.004066899999997986 2560000
450 0.004176499999857697 3240000
500 0.004767600000150196 4000000
750 0.015538999999989755 9000000
1000 0.029670199999827673 16000000
1500 0.09574590000011085 36000000
2000 0.21804910000014388 64000000
5000 2.266984900000125 400000000
10000 15.431946699999799 1600000000
10 0.06116259999998874 1600
20 7.000000005064066e-05 6400
30 0.0001346000001376524 14400
40 0.00013109999986227194 25600
50 0.00019259999999121646 40000
60 0.00014250000003812602 57600
70 0.00012050000009367068 78400
80 0.0001287999998567102 102400
90 0.0001575000001139415 129600
100 0.00018999999997504347 160000
150 0.0003159999998842977 360000
200 0.0006912999999713065 640000
250 0.0008471000001009088 1000000
300 0.0012380999999095366 1440000
350 0.0020856999999523396 1960000
400 0.0031117000000904227 2560000
450 0.004932700000154 3240000
500 0.005507300000090254 4000000
750 0.014597699999967517 9000000
1000 0.03259159999993244 16000000
1500 0.11156750000009197 36000000
2000 0.2213524999999663 64000000
5000 2.2234659999999167 400000000
10000 15.587457699999959 1600000000
10 0.061446000000159984 1600
20 7.159999995565158e-05 6400
30 0.00014370000008057104 14400
40 0.0001755999999204505 25600
50 7.550000009359792e-05 40000
60 8.079999997789855e-05 57600
70 0.00010750000001280569 78400
80 0.00011979999999311985 102400
90 0.00015650000000277942 129600
100 0.00017899999988912896 160000
150 0.0003306000000975473 360000
200 0.0007633999998688523 640000
250 0.0009879000001546956 1000000
300 0.0015765999999075575 1440000
350 0.002133899999989808 1960000
400 0.003851299999951152 2560000
450 0.0057382999998480955 3240000
500 0.005559900000207563 4000000
750 0.014945900000157053 9000000
1000 0.03378640000005362 16000000
1500 0.11851830000000518 36000000
2000 0.23453860000017812 64000000
5000 2.228165600000011 400000000
10000 15.348496999999952 1600000000
10 0.06128179999996064 1600
20 9.569999997438572e-05 6400
30 0.00030159999982970476 14400
40 0.00011289999997643463 25600
50 0.00011549999999260763 40000
60 0.00015670000016143604 57600
70 0.0001391999999214022 78400
80 0.00018260000001646404 102400
90 0.00015549999989161734 129600
100 0.00016879999998309358 160000
150 0.0004655999998703919 360000
200 0.0006676999998944666 640000
250 0.0009290000000419241 1000000
300 0.00132949999988341 1440000
350 0.0018792999999277527 1960000
400 0.0030480000000352447 2560000
450 0.0038416999998389656 3240000
500 0.005169700000124067 4000000
750 0.014581299999917974 9000000
1000 0.032158100000060585 16000000
1500 0.1159172000000126 36000000
2000 0.21992510000018228 64000000
5000 2.2414421000000857 400000000
10000 15.2753431000001 1600000000
10 0.06521780000002764 1600
20 7.140000002436864e-05 6400
30 5.639999994855316e-05 14400
40 0.00013619999981528963 25600
50 0.00024169999983314483 40000
60 9.070000010069634e-05 57600
70 0.00011939999990318029 78400
80 0.00010299999985363684 102400
90 0.00013130000002092856 129600
100 0.0001419000000169035 160000
150 0.00030159999982970476 360000
200 0.000622100000100545 640000
250 0.0008582000000387779 1000000
300 0.001257099999975253 1440000
350 0.0018261999998685496 1960000
400 0.0032659000000876404 2560000
450 0.0037656000001788925 3240000
500 0.005086500000061278 4000000
750 0.014291899999989255 9000000
1000 0.03241780000007566 16000000
1500 0.10794809999993049 36000000
2000 0.22274009999978261 64000000
5000 2.281406600000082 400000000
10000 15.418124499999976 1600000000
10 0.06516790000000583 1600
20 0.00010670000006030023 6400
30 0.00011589999985517352 14400
40 0.00020079999990230135 25600
50 9.699999986878538e-05 40000
60 9.750000003805326e-05 57600
70 0.00010470000006534974 78400
80 0.00010549999979048152 102400
90 0.00012760000004163885 129600
100 0.00020199999994474638 160000
150 0.0004008000000794709 360000
200 0.0007487000000310218 640000
250 0.0009850000001279113 1000000
300 0.0012987000000066473 1440000
350 0.0019075999998676707 1960000
400 0.0031896999998934916 2560000
450 0.004283600000007937 3240000
500 0.0048932999998214655 4000000
750 0.014746800000011717 9000000
1000 0.0348381999999674 16000000
1500 0.11650580000014088 36000000
2000 0.21927980000009484 64000000
5000 2.2203537999998844 400000000
10000 15.783676300000025 1600000000
10 0.06043859999999768 1600
20 6.980000011935772e-05 6400
30 0.00011130000007142371 14400
40 0.00015880000000834116 25600
50 8.820000016385166e-05 40000
60 9.969999996428669e-05 57600
70 8.860000002641755e-05 78400
80 0.00010279999992235389 102400
90 0.00012440000000424334 129600
100 0.00012870000000475557 160000
150 0.00034679999998843414 360000
200 0.0005623000001833134 640000
250 0.0008867999999893073 1000000
300 0.001342899999826841 1440000
350 0.0018795000000864093 1960000
400 0.0032186999999339605 2560000
450 0.004401099999995495 3240000
500 0.0047118999998474465 4000000
750 0.016260799999827213 9000000
1000 0.03483720000008361 16000000
1500 0.10458380000000034 36000000
2000 0.22280959999989136 64000000
5000 2.211591300000009 400000000
10000 15.531705300000112 1600000000
10 0.062359599999581405 1600
20 8.969999998953426e-05 6400
30 0.00022460000036517158 14400
40 0.0002027000000452972 25600
50 0.00015359999997599516 40000
60 0.0001194999999825086 57600
70 0.00011459999996077386 78400
80 0.00010789999987537158 102400
90 0.00019209999982194859 129600
100 0.00013099999978294363 160000
150 0.00045799999998052954 360000
200 0.0005019999998694402 640000
250 0.0008526999999958207 1000000
300 0.0014135000001260778 1440000
350 0.001829599999837228 1960000
400 0.002662900000359514 2560000
450 0.004057199999806471 3240000
500 0.00563079999983529 4000000
750 0.015008099999704427 9000000
1000 0.032880199999908655 16000000
1500 0.11061449999988326 36000000
2000 0.2160022999996727 64000000
5000 2.2324933999998393 400000000
10000 15.582082000000355 1600000000
10 0.06229090000033466 1600
20 7.369999957518303e-05 6400
30 7.129999994504033e-05 14400
40 0.0001560000000608852 25600
50 0.00011089999998148414 40000
60 0.00010869999960050336 57600
70 9.270000009564683e-05 78400
80 0.00010359999987485935 102400
90 0.00012460000016289996 129600
100 0.00013119999994160025 160000
150 0.000377099999695929 360000
200 0.0005194999998821004 640000
250 0.0008842000002005079 1000000
300 0.0012542999998004234 1440000
350 0.0017698999999993248 1960000
400 0.0029024000000390515 2560000
450 0.0038118000002214103 3240000
500 0.004787700000179029 4000000
750 0.015149399999700108 9000000
1000 0.03239949999988312 16000000
1500 0.10552099999995335 36000000
2000 0.22348739999961253 64000000
5000 2.293728699999974 400000000
10000 15.981326699999954 1600000000
